Counter(/arm_trajectory_controller/follow_joint_trajectory/status),/arm_trajectory_controller/follow_joint_trajectory/status My_Traffic(Bytes),Max_Consecutive(/arm_trajectory_controller/follow_joint_trajectory/status),Mean_Consecutive(/arm_trajectory_controller/follow_joint_trajectory/status),Var_Consecutive(/arm_trajectory_controller/follow_joint_trajectory/status),Messages-Age(/arm_trajectory_controller/follow_joint_trajectory/status),Counter(/arm_trajectory_controller/state),/arm_trajectory_controller/state My_Traffic(Bytes),Max_Consecutive(/arm_trajectory_controller/state),Mean_Consecutive(/arm_trajectory_controller/state),Var_Consecutive(/arm_trajectory_controller/state),Messages-Age(/arm_trajectory_controller/state),Counter(/clock),/clock My_Traffic(Bytes),Max_Consecutive(/clock),Mean_Consecutive(/clock),Var_Consecutive(/clock),Messages-Age(/clock),Counter(/cmd_vel),/cmd_vel My_Traffic(Bytes),Max_Consecutive(/cmd_vel),Mean_Consecutive(/cmd_vel),Var_Consecutive(/cmd_vel),Messages-Age(/cmd_vel),Counter(/diagnostics),/diagnostics My_Traffic(Bytes),Max_Consecutive(/diagnostics),Mean_Consecutive(/diagnostics),Var_Consecutive(/diagnostics),Messages-Age(/diagnostics),Counter(/execute_trajectory/status),/execute_trajectory/status My_Traffic(Bytes),Max_Consecutive(/execute_trajectory/status),Mean_Consecutive(/execute_trajectory/status),Var_Consecutive(/execute_trajectory/status),Messages-Age(/execute_trajectory/status),Counter(/gazebo/model_states),/gazebo/model_states My_Traffic(Bytes),Max_Consecutive(/gazebo/model_states),Mean_Consecutive(/gazebo/model_states),Var_Consecutive(/gazebo/model_states),Messages-Age(/gazebo/model_states),Counter(/gazebo/parameter_descriptions),/gazebo/parameter_descriptions My_Traffic(Bytes),Max_Consecutive(/gazebo/parameter_descriptions),Mean_Consecutive(/gazebo/parameter_descriptions),Var_Consecutive(/gazebo/parameter_descriptions),Messages-Age(/gazebo/parameter_descriptions),Counter(/gazebo/parameter_updates),/gazebo/parameter_updates My_Traffic(Bytes),Max_Consecutive(/gazebo/parameter_updates),Mean_Consecutive(/gazebo/parameter_updates),Var_Consecutive(/gazebo/parameter_updates),Messages-Age(/gazebo/parameter_updates),Counter(/gripper_controller/gripper_cmd/status),/gripper_controller/gripper_cmd/status My_Traffic(Bytes),Max_Consecutive(/gripper_controller/gripper_cmd/status),Mean_Consecutive(/gripper_controller/gripper_cmd/status),Var_Consecutive(/gripper_controller/gripper_cmd/status),Messages-Age(/gripper_controller/gripper_cmd/status),Counter(/host_diagnostic),/host_diagnostic My_Traffic(Bytes),Max_Consecutive(/host_diagnostic),Mean_Consecutive(/host_diagnostic),Var_Consecutive(/host_diagnostic),Messages-Age(/host_diagnostic),Counter(/joint_states),/joint_states My_Traffic(Bytes),Max_Consecutive(/joint_states),Mean_Consecutive(/joint_states),Var_Consecutive(/joint_states),Messages-Age(/joint_states),Counter(/kinect2/parameter_descriptions),/kinect2/parameter_descriptions My_Traffic(Bytes),Max_Consecutive(/kinect2/parameter_descriptions),Mean_Consecutive(/kinect2/parameter_descriptions),Var_Consecutive(/kinect2/parameter_descriptions),Messages-Age(/kinect2/parameter_descriptions),Counter(/kinect2/parameter_updates),/kinect2/parameter_updates My_Traffic(Bytes),Max_Consecutive(/kinect2/parameter_updates),Mean_Consecutive(/kinect2/parameter_updates),Var_Consecutive(/kinect2/parameter_updates),Messages-Age(/kinect2/parameter_updates),Counter(/kinect2/qhd/camera_info),/kinect2/qhd/camera_info My_Traffic(Bytes),Max_Consecutive(/kinect2/qhd/camera_info),Mean_Consecutive(/kinect2/qhd/camera_info),Var_Consecutive(/kinect2/qhd/camera_info),Messages-Age(/kinect2/qhd/camera_info),Counter(/kinect2/qhd/image_color/compressed),/kinect2/qhd/image_color/compressed My_Traffic(Bytes),Max_Consecutive(/kinect2/qhd/image_color/compressed),Mean_Consecutive(/kinect2/qhd/image_color/compressed),Var_Consecutive(/kinect2/qhd/image_color/compressed),Messages-Age(/kinect2/qhd/image_color/compressed),Counter(/kinect2/qhd/image_color/compressed/parameter_descriptions),/kinect2/qhd/image_color/compressed/parameter_descriptions My_Traffic(Bytes),Max_Consecutive(/kinect2/qhd/image_color/compressed/parameter_descriptions),Mean_Consecutive(/kinect2/qhd/image_color/compressed/parameter_descriptions),Var_Consecutive(/kinect2/qhd/image_color/compressed/parameter_descriptions),Messages-Age(/kinect2/qhd/image_color/compressed/parameter_descriptions),Counter(/kinect2/qhd/image_color/compressed/parameter_updates),/kinect2/qhd/image_color/compressed/parameter_updates My_Traffic(Bytes),Max_Consecutive(/kinect2/qhd/image_color/compressed/parameter_updates),Mean_Consecutive(/kinect2/qhd/image_color/compressed/parameter_updates),Var_Consecutive(/kinect2/qhd/image_color/compressed/parameter_updates),Messages-Age(/kinect2/qhd/image_color/compressed/parameter_updates),Counter(/kinect2/qhd/image_color/compressedDepth/parameter_descriptions),/kinect2/qhd/image_color/compressedDepth/parameter_descriptions My_Traffic(Bytes),Max_Consecutive(/kinect2/qhd/image_color/compressedDepth/parameter_descriptions),Mean_Consecutive(/kinect2/qhd/image_color/compressedDepth/parameter_descriptions),Var_Consecutive(/kinect2/qhd/image_color/compressedDepth/parameter_descriptions),Messages-Age(/kinect2/qhd/image_color/compressedDepth/parameter_descriptions),Counter(/kinect2/qhd/image_color/compressedDepth/parameter_updates),/kinect2/qhd/image_color/compressedDepth/parameter_updates My_Traffic(Bytes),Max_Consecutive(/kinect2/qhd/image_color/compressedDepth/parameter_updates),Mean_Consecutive(/kinect2/qhd/image_color/compressedDepth/parameter_updates),Var_Consecutive(/kinect2/qhd/image_color/compressedDepth/parameter_updates),Messages-Age(/kinect2/qhd/image_color/compressedDepth/parameter_updates),Counter(/kinect2/qhd/image_color/theora),/kinect2/qhd/image_color/theora My_Traffic(Bytes),Max_Consecutive(/kinect2/qhd/image_color/theora),Mean_Consecutive(/kinect2/qhd/image_color/theora),Var_Consecutive(/kinect2/qhd/image_color/theora),Messages-Age(/kinect2/qhd/image_color/theora),Counter(/kinect2/qhd/image_color/theora/parameter_descriptions),/kinect2/qhd/image_color/theora/parameter_descriptions My_Traffic(Bytes),Max_Consecutive(/kinect2/qhd/image_color/theora/parameter_descriptions),Mean_Consecutive(/kinect2/qhd/image_color/theora/parameter_descriptions),Var_Consecutive(/kinect2/qhd/image_color/theora/parameter_descriptions),Messages-Age(/kinect2/qhd/image_color/theora/parameter_descriptions),Counter(/kinect2/qhd/image_color/theora/parameter_updates),/kinect2/qhd/image_color/theora/parameter_updates My_Traffic(Bytes),Max_Consecutive(/kinect2/qhd/image_color/theora/parameter_updates),Mean_Consecutive(/kinect2/qhd/image_color/theora/parameter_updates),Var_Consecutive(/kinect2/qhd/image_color/theora/parameter_updates),Messages-Age(/kinect2/qhd/image_color/theora/parameter_updates),Counter(/map_metadata),/map_metadata My_Traffic(Bytes),Max_Consecutive(/map_metadata),Mean_Consecutive(/map_metadata),Var_Consecutive(/map_metadata),Messages-Age(/map_metadata),Counter(/mobile_base_controller/cmd_vel),/mobile_base_controller/cmd_vel My_Traffic(Bytes),Max_Consecutive(/mobile_base_controller/cmd_vel),Mean_Consecutive(/mobile_base_controller/cmd_vel),Var_Consecutive(/mobile_base_controller/cmd_vel),Messages-Age(/mobile_base_controller/cmd_vel),Counter(/mobile_base_controller/odom),/mobile_base_controller/odom My_Traffic(Bytes),Max_Consecutive(/mobile_base_controller/odom),Mean_Consecutive(/mobile_base_controller/odom),Var_Consecutive(/mobile_base_controller/odom),Messages-Age(/mobile_base_controller/odom),Counter(/move_base/DWAPlannerROS/parameter_descriptions),/move_base/DWAPlannerROS/parameter_descriptions My_Traffic(Bytes),Max_Consecutive(/move_base/DWAPlannerROS/parameter_descriptions),Mean_Consecutive(/move_base/DWAPlannerROS/parameter_descriptions),Var_Consecutive(/move_base/DWAPlannerROS/parameter_descriptions),Messages-Age(/move_base/DWAPlannerROS/parameter_descriptions),Counter(/move_base/DWAPlannerROS/parameter_updates),/move_base/DWAPlannerROS/parameter_updates My_Traffic(Bytes),Max_Consecutive(/move_base/DWAPlannerROS/parameter_updates),Mean_Consecutive(/move_base/DWAPlannerROS/parameter_updates),Var_Consecutive(/move_base/DWAPlannerROS/parameter_updates),Messages-Age(/move_base/DWAPlannerROS/parameter_updates),Counter(/move_base/global_costmap/costmap),/move_base/global_costmap/costmap My_Traffic(Bytes),Max_Consecutive(/move_base/global_costmap/costmap),Mean_Consecutive(/move_base/global_costmap/costmap),Var_Consecutive(/move_base/global_costmap/costmap),Messages-Age(/move_base/global_costmap/costmap),Counter(/move_base/global_costmap/footprint),/move_base/global_costmap/footprint My_Traffic(Bytes),Max_Consecutive(/move_base/global_costmap/footprint),Mean_Consecutive(/move_base/global_costmap/footprint),Var_Consecutive(/move_base/global_costmap/footprint),Messages-Age(/move_base/global_costmap/footprint),Counter(/move_base/global_costmap/inflation_global/parameter_descriptions),/move_base/global_costmap/inflation_global/parameter_descriptions My_Traffic(Bytes),Max_Consecutive(/move_base/global_costmap/inflation_global/parameter_descriptions),Mean_Consecutive(/move_base/global_costmap/inflation_global/parameter_descriptions),Var_Consecutive(/move_base/global_costmap/inflation_global/parameter_descriptions),Messages-Age(/move_base/global_costmap/inflation_global/parameter_descriptions),Counter(/move_base/global_costmap/inflation_global/parameter_updates),/move_base/global_costmap/inflation_global/parameter_updates My_Traffic(Bytes),Max_Consecutive(/move_base/global_costmap/inflation_global/parameter_updates),Mean_Consecutive(/move_base/global_costmap/inflation_global/parameter_updates),Var_Consecutive(/move_base/global_costmap/inflation_global/parameter_updates),Messages-Age(/move_base/global_costmap/inflation_global/parameter_updates),Counter(/move_base/global_costmap/parameter_descriptions),/move_base/global_costmap/parameter_descriptions My_Traffic(Bytes),Max_Consecutive(/move_base/global_costmap/parameter_descriptions),Mean_Consecutive(/move_base/global_costmap/parameter_descriptions),Var_Consecutive(/move_base/global_costmap/parameter_descriptions),Messages-Age(/move_base/global_costmap/parameter_descriptions),Counter(/move_base/global_costmap/parameter_updates),/move_base/global_costmap/parameter_updates My_Traffic(Bytes),Max_Consecutive(/move_base/global_costmap/parameter_updates),Mean_Consecutive(/move_base/global_costmap/parameter_updates),Var_Consecutive(/move_base/global_costmap/parameter_updates),Messages-Age(/move_base/global_costmap/parameter_updates),Counter(/move_base/global_costmap/static/parameter_descriptions),/move_base/global_costmap/static/parameter_descriptions My_Traffic(Bytes),Max_Consecutive(/move_base/global_costmap/static/parameter_descriptions),Mean_Consecutive(/move_base/global_costmap/static/parameter_descriptions),Var_Consecutive(/move_base/global_costmap/static/parameter_descriptions),Messages-Age(/move_base/global_costmap/static/parameter_descriptions),Counter(/move_base/global_costmap/static/parameter_updates),/move_base/global_costmap/static/parameter_updates My_Traffic(Bytes),Max_Consecutive(/move_base/global_costmap/static/parameter_updates),Mean_Consecutive(/move_base/global_costmap/static/parameter_updates),Var_Consecutive(/move_base/global_costmap/static/parameter_updates),Messages-Age(/move_base/global_costmap/static/parameter_updates),Counter(/move_base/local_costmap/costmap),/move_base/local_costmap/costmap My_Traffic(Bytes),Max_Consecutive(/move_base/local_costmap/costmap),Mean_Consecutive(/move_base/local_costmap/costmap),Var_Consecutive(/move_base/local_costmap/costmap),Messages-Age(/move_base/local_costmap/costmap),Counter(/move_base/local_costmap/costmap_updates),/move_base/local_costmap/costmap_updates My_Traffic(Bytes),Max_Consecutive(/move_base/local_costmap/costmap_updates),Mean_Consecutive(/move_base/local_costmap/costmap_updates),Var_Consecutive(/move_base/local_costmap/costmap_updates),Messages-Age(/move_base/local_costmap/costmap_updates),Counter(/move_base/local_costmap/footprint),/move_base/local_costmap/footprint My_Traffic(Bytes),Max_Consecutive(/move_base/local_costmap/footprint),Mean_Consecutive(/move_base/local_costmap/footprint),Var_Consecutive(/move_base/local_costmap/footprint),Messages-Age(/move_base/local_costmap/footprint),Counter(/move_base/local_costmap/inflation/parameter_descriptions),/move_base/local_costmap/inflation/parameter_descriptions My_Traffic(Bytes),Max_Consecutive(/move_base/local_costmap/inflation/parameter_descriptions),Mean_Consecutive(/move_base/local_costmap/inflation/parameter_descriptions),Var_Consecutive(/move_base/local_costmap/inflation/parameter_descriptions),Messages-Age(/move_base/local_costmap/inflation/parameter_descriptions),Counter(/move_base/local_costmap/inflation/parameter_updates),/move_base/local_costmap/inflation/parameter_updates My_Traffic(Bytes),Max_Consecutive(/move_base/local_costmap/inflation/parameter_updates),Mean_Consecutive(/move_base/local_costmap/inflation/parameter_updates),Var_Consecutive(/move_base/local_costmap/inflation/parameter_updates),Messages-Age(/move_base/local_costmap/inflation/parameter_updates),Counter(/move_base/local_costmap/obstacles_laser/parameter_descriptions),/move_base/local_costmap/obstacles_laser/parameter_descriptions My_Traffic(Bytes),Max_Consecutive(/move_base/local_costmap/obstacles_laser/parameter_descriptions),Mean_Consecutive(/move_base/local_costmap/obstacles_laser/parameter_descriptions),Var_Consecutive(/move_base/local_costmap/obstacles_laser/parameter_descriptions),Messages-Age(/move_base/local_costmap/obstacles_laser/parameter_descriptions),Counter(/move_base/local_costmap/obstacles_laser/parameter_updates),/move_base/local_costmap/obstacles_laser/parameter_updates My_Traffic(Bytes),Max_Consecutive(/move_base/local_costmap/obstacles_laser/parameter_updates),Mean_Consecutive(/move_base/local_costmap/obstacles_laser/parameter_updates),Var_Consecutive(/move_base/local_costmap/obstacles_laser/parameter_updates),Messages-Age(/move_base/local_costmap/obstacles_laser/parameter_updates),Counter(/move_base/local_costmap/parameter_descriptions),/move_base/local_costmap/parameter_descriptions My_Traffic(Bytes),Max_Consecutive(/move_base/local_costmap/parameter_descriptions),Mean_Consecutive(/move_base/local_costmap/parameter_descriptions),Var_Consecutive(/move_base/local_costmap/parameter_descriptions),Messages-Age(/move_base/local_costmap/parameter_descriptions),Counter(/move_base/local_costmap/parameter_updates),/move_base/local_costmap/parameter_updates My_Traffic(Bytes),Max_Consecutive(/move_base/local_costmap/parameter_updates),Mean_Consecutive(/move_base/local_costmap/parameter_updates),Var_Consecutive(/move_base/local_costmap/parameter_updates),Messages-Age(/move_base/local_costmap/parameter_updates),Counter(/move_base/parameter_descriptions),/move_base/parameter_descriptions My_Traffic(Bytes),Max_Consecutive(/move_base/parameter_descriptions),Mean_Consecutive(/move_base/parameter_descriptions),Var_Consecutive(/move_base/parameter_descriptions),Messages-Age(/move_base/parameter_descriptions),Counter(/move_base/parameter_updates),/move_base/parameter_updates My_Traffic(Bytes),Max_Consecutive(/move_base/parameter_updates),Mean_Consecutive(/move_base/parameter_updates),Var_Consecutive(/move_base/parameter_updates),Messages-Age(/move_base/parameter_updates),Counter(/move_base/status),/move_base/status My_Traffic(Bytes),Max_Consecutive(/move_base/status),Mean_Consecutive(/move_base/status),Var_Consecutive(/move_base/status),Messages-Age(/move_base/status),Counter(/move_group/monitored_planning_scene),/move_group/monitored_planning_scene My_Traffic(Bytes),Max_Consecutive(/move_group/monitored_planning_scene),Mean_Consecutive(/move_group/monitored_planning_scene),Var_Consecutive(/move_group/monitored_planning_scene),Messages-Age(/move_group/monitored_planning_scene),Counter(/move_group/ompl/parameter_descriptions),/move_group/ompl/parameter_descriptions My_Traffic(Bytes),Max_Consecutive(/move_group/ompl/parameter_descriptions),Mean_Consecutive(/move_group/ompl/parameter_descriptions),Var_Consecutive(/move_group/ompl/parameter_descriptions),Messages-Age(/move_group/ompl/parameter_descriptions),Counter(/move_group/ompl/parameter_updates),/move_group/ompl/parameter_updates My_Traffic(Bytes),Max_Consecutive(/move_group/ompl/parameter_updates),Mean_Consecutive(/move_group/ompl/parameter_updates),Var_Consecutive(/move_group/ompl/parameter_updates),Messages-Age(/move_group/ompl/parameter_updates),Counter(/move_group/plan_execution/parameter_descriptions),/move_group/plan_execution/parameter_descriptions My_Traffic(Bytes),Max_Consecutive(/move_group/plan_execution/parameter_descriptions),Mean_Consecutive(/move_group/plan_execution/parameter_descriptions),Var_Consecutive(/move_group/plan_execution/parameter_descriptions),Messages-Age(/move_group/plan_execution/parameter_descriptions),Counter(/move_group/plan_execution/parameter_updates),/move_group/plan_execution/parameter_updates My_Traffic(Bytes),Max_Consecutive(/move_group/plan_execution/parameter_updates),Mean_Consecutive(/move_group/plan_execution/parameter_updates),Var_Consecutive(/move_group/plan_execution/parameter_updates),Messages-Age(/move_group/plan_execution/parameter_updates),Counter(/move_group/planning_scene_monitor/parameter_descriptions),/move_group/planning_scene_monitor/parameter_descriptions My_Traffic(Bytes),Max_Consecutive(/move_group/planning_scene_monitor/parameter_descriptions),Mean_Consecutive(/move_group/planning_scene_monitor/parameter_descriptions),Var_Consecutive(/move_group/planning_scene_monitor/parameter_descriptions),Messages-Age(/move_group/planning_scene_monitor/parameter_descriptions),Counter(/move_group/planning_scene_monitor/parameter_updates),/move_group/planning_scene_monitor/parameter_updates My_Traffic(Bytes),Max_Consecutive(/move_group/planning_scene_monitor/parameter_updates),Mean_Consecutive(/move_group/planning_scene_monitor/parameter_updates),Var_Consecutive(/move_group/planning_scene_monitor/parameter_updates),Messages-Age(/move_group/planning_scene_monitor/parameter_updates),Counter(/move_group/sense_for_plan/parameter_descriptions),/move_group/sense_for_plan/parameter_descriptions My_Traffic(Bytes),Max_Consecutive(/move_group/sense_for_plan/parameter_descriptions),Mean_Consecutive(/move_group/sense_for_plan/parameter_descriptions),Var_Consecutive(/move_group/sense_for_plan/parameter_descriptions),Messages-Age(/move_group/sense_for_plan/parameter_descriptions),Counter(/move_group/sense_for_plan/parameter_updates),/move_group/sense_for_plan/parameter_updates My_Traffic(Bytes),Max_Consecutive(/move_group/sense_for_plan/parameter_updates),Mean_Consecutive(/move_group/sense_for_plan/parameter_updates),Var_Consecutive(/move_group/sense_for_plan/parameter_updates),Messages-Age(/move_group/sense_for_plan/parameter_updates),Counter(/move_group/status),/move_group/status My_Traffic(Bytes),Max_Consecutive(/move_group/status),Mean_Consecutive(/move_group/status),Var_Consecutive(/move_group/status),Messages-Age(/move_group/status),Counter(/move_group/trajectory_execution/parameter_descriptions),/move_group/trajectory_execution/parameter_descriptions My_Traffic(Bytes),Max_Consecutive(/move_group/trajectory_execution/parameter_descriptions),Mean_Consecutive(/move_group/trajectory_execution/parameter_descriptions),Var_Consecutive(/move_group/trajectory_execution/parameter_descriptions),Messages-Age(/move_group/trajectory_execution/parameter_descriptions),Counter(/move_group/trajectory_execution/parameter_updates),/move_group/trajectory_execution/parameter_updates My_Traffic(Bytes),Max_Consecutive(/move_group/trajectory_execution/parameter_updates),Mean_Consecutive(/move_group/trajectory_execution/parameter_updates),Var_Consecutive(/move_group/trajectory_execution/parameter_updates),Messages-Age(/move_group/trajectory_execution/parameter_updates),Counter(/my_find_object/bw/compressed),/my_find_object/bw/compressed My_Traffic(Bytes),Max_Consecutive(/my_find_object/bw/compressed),Mean_Consecutive(/my_find_object/bw/compressed),Var_Consecutive(/my_find_object/bw/compressed),Messages-Age(/my_find_object/bw/compressed),Counter(/my_find_object/bw/compressed/parameter_descriptions),/my_find_object/bw/compressed/parameter_descriptions My_Traffic(Bytes),Max_Consecutive(/my_find_object/bw/compressed/parameter_descriptions),Mean_Consecutive(/my_find_object/bw/compressed/parameter_descriptions),Var_Consecutive(/my_find_object/bw/compressed/parameter_descriptions),Messages-Age(/my_find_object/bw/compressed/parameter_descriptions),Counter(/my_find_object/bw/compressed/parameter_updates),/my_find_object/bw/compressed/parameter_updates My_Traffic(Bytes),Max_Consecutive(/my_find_object/bw/compressed/parameter_updates),Mean_Consecutive(/my_find_object/bw/compressed/parameter_updates),Var_Consecutive(/my_find_object/bw/compressed/parameter_updates),Messages-Age(/my_find_object/bw/compressed/parameter_updates),Counter(/my_find_object/bw/compressedDepth/parameter_descriptions),/my_find_object/bw/compressedDepth/parameter_descriptions My_Traffic(Bytes),Max_Consecutive(/my_find_object/bw/compressedDepth/parameter_descriptions),Mean_Consecutive(/my_find_object/bw/compressedDepth/parameter_descriptions),Var_Consecutive(/my_find_object/bw/compressedDepth/parameter_descriptions),Messages-Age(/my_find_object/bw/compressedDepth/parameter_descriptions),Counter(/my_find_object/bw/compressedDepth/parameter_updates),/my_find_object/bw/compressedDepth/parameter_updates My_Traffic(Bytes),Max_Consecutive(/my_find_object/bw/compressedDepth/parameter_updates),Mean_Consecutive(/my_find_object/bw/compressedDepth/parameter_updates),Var_Consecutive(/my_find_object/bw/compressedDepth/parameter_updates),Messages-Age(/my_find_object/bw/compressedDepth/parameter_updates),Counter(/my_find_object/bw/theora/parameter_descriptions),/my_find_object/bw/theora/parameter_descriptions My_Traffic(Bytes),Max_Consecutive(/my_find_object/bw/theora/parameter_descriptions),Mean_Consecutive(/my_find_object/bw/theora/parameter_descriptions),Var_Consecutive(/my_find_object/bw/theora/parameter_descriptions),Messages-Age(/my_find_object/bw/theora/parameter_descriptions),Counter(/my_find_object/bw/theora/parameter_updates),/my_find_object/bw/theora/parameter_updates My_Traffic(Bytes),Max_Consecutive(/my_find_object/bw/theora/parameter_updates),Mean_Consecutive(/my_find_object/bw/theora/parameter_updates),Var_Consecutive(/my_find_object/bw/theora/parameter_updates),Messages-Age(/my_find_object/bw/theora/parameter_updates),Counter(/my_find_object/hsv_filterd/compressed),/my_find_object/hsv_filterd/compressed My_Traffic(Bytes),Max_Consecutive(/my_find_object/hsv_filterd/compressed),Mean_Consecutive(/my_find_object/hsv_filterd/compressed),Var_Consecutive(/my_find_object/hsv_filterd/compressed),Messages-Age(/my_find_object/hsv_filterd/compressed),Counter(/my_find_object/hsv_filterd/compressed/parameter_descriptions),/my_find_object/hsv_filterd/compressed/parameter_descriptions My_Traffic(Bytes),Max_Consecutive(/my_find_object/hsv_filterd/compressed/parameter_descriptions),Mean_Consecutive(/my_find_object/hsv_filterd/compressed/parameter_descriptions),Var_Consecutive(/my_find_object/hsv_filterd/compressed/parameter_descriptions),Messages-Age(/my_find_object/hsv_filterd/compressed/parameter_descriptions),Counter(/my_find_object/hsv_filterd/compressed/parameter_updates),/my_find_object/hsv_filterd/compressed/parameter_updates My_Traffic(Bytes),Max_Consecutive(/my_find_object/hsv_filterd/compressed/parameter_updates),Mean_Consecutive(/my_find_object/hsv_filterd/compressed/parameter_updates),Var_Consecutive(/my_find_object/hsv_filterd/compressed/parameter_updates),Messages-Age(/my_find_object/hsv_filterd/compressed/parameter_updates),Counter(/my_find_object/hsv_filterd/compressedDepth/parameter_descriptions),/my_find_object/hsv_filterd/compressedDepth/parameter_descriptions My_Traffic(Bytes),Max_Consecutive(/my_find_object/hsv_filterd/compressedDepth/parameter_descriptions),Mean_Consecutive(/my_find_object/hsv_filterd/compressedDepth/parameter_descriptions),Var_Consecutive(/my_find_object/hsv_filterd/compressedDepth/parameter_descriptions),Messages-Age(/my_find_object/hsv_filterd/compressedDepth/parameter_descriptions),Counter(/my_find_object/hsv_filterd/compressedDepth/parameter_updates),/my_find_object/hsv_filterd/compressedDepth/parameter_updates My_Traffic(Bytes),Max_Consecutive(/my_find_object/hsv_filterd/compressedDepth/parameter_updates),Mean_Consecutive(/my_find_object/hsv_filterd/compressedDepth/parameter_updates),Var_Consecutive(/my_find_object/hsv_filterd/compressedDepth/parameter_updates),Messages-Age(/my_find_object/hsv_filterd/compressedDepth/parameter_updates),Counter(/my_find_object/hsv_filterd/theora),/my_find_object/hsv_filterd/theora My_Traffic(Bytes),Max_Consecutive(/my_find_object/hsv_filterd/theora),Mean_Consecutive(/my_find_object/hsv_filterd/theora),Var_Consecutive(/my_find_object/hsv_filterd/theora),Messages-Age(/my_find_object/hsv_filterd/theora),Counter(/my_find_object/hsv_filterd/theora/parameter_descriptions),/my_find_object/hsv_filterd/theora/parameter_descriptions My_Traffic(Bytes),Max_Consecutive(/my_find_object/hsv_filterd/theora/parameter_descriptions),Mean_Consecutive(/my_find_object/hsv_filterd/theora/parameter_descriptions),Var_Consecutive(/my_find_object/hsv_filterd/theora/parameter_descriptions),Messages-Age(/my_find_object/hsv_filterd/theora/parameter_descriptions),Counter(/my_find_object/hsv_filterd/theora/parameter_updates),/my_find_object/hsv_filterd/theora/parameter_updates My_Traffic(Bytes),Max_Consecutive(/my_find_object/hsv_filterd/theora/parameter_updates),Mean_Consecutive(/my_find_object/hsv_filterd/theora/parameter_updates),Var_Consecutive(/my_find_object/hsv_filterd/theora/parameter_updates),Messages-Age(/my_find_object/hsv_filterd/theora/parameter_updates),Counter(/my_find_object/result/compressed/parameter_descriptions),/my_find_object/result/compressed/parameter_descriptions My_Traffic(Bytes),Max_Consecutive(/my_find_object/result/compressed/parameter_descriptions),Mean_Consecutive(/my_find_object/result/compressed/parameter_descriptions),Var_Consecutive(/my_find_object/result/compressed/parameter_descriptions),Messages-Age(/my_find_object/result/compressed/parameter_descriptions),Counter(/my_find_object/result/compressed/parameter_updates),/my_find_object/result/compressed/parameter_updates My_Traffic(Bytes),Max_Consecutive(/my_find_object/result/compressed/parameter_updates),Mean_Consecutive(/my_find_object/result/compressed/parameter_updates),Var_Consecutive(/my_find_object/result/compressed/parameter_updates),Messages-Age(/my_find_object/result/compressed/parameter_updates),Counter(/my_find_object/result/compressedDepth/parameter_descriptions),/my_find_object/result/compressedDepth/parameter_descriptions My_Traffic(Bytes),Max_Consecutive(/my_find_object/result/compressedDepth/parameter_descriptions),Mean_Consecutive(/my_find_object/result/compressedDepth/parameter_descriptions),Var_Consecutive(/my_find_object/result/compressedDepth/parameter_descriptions),Messages-Age(/my_find_object/result/compressedDepth/parameter_descriptions),Counter(/my_find_object/result/compressedDepth/parameter_updates),/my_find_object/result/compressedDepth/parameter_updates My_Traffic(Bytes),Max_Consecutive(/my_find_object/result/compressedDepth/parameter_updates),Mean_Consecutive(/my_find_object/result/compressedDepth/parameter_updates),Var_Consecutive(/my_find_object/result/compressedDepth/parameter_updates),Messages-Age(/my_find_object/result/compressedDepth/parameter_updates),Counter(/my_find_object/result/theora),/my_find_object/result/theora My_Traffic(Bytes),Max_Consecutive(/my_find_object/result/theora),Mean_Consecutive(/my_find_object/result/theora),Var_Consecutive(/my_find_object/result/theora),Messages-Age(/my_find_object/result/theora),Counter(/my_find_object/result/theora/parameter_descriptions),/my_find_object/result/theora/parameter_descriptions My_Traffic(Bytes),Max_Consecutive(/my_find_object/result/theora/parameter_descriptions),Mean_Consecutive(/my_find_object/result/theora/parameter_descriptions),Var_Consecutive(/my_find_object/result/theora/parameter_descriptions),Messages-Age(/my_find_object/result/theora/parameter_descriptions),Counter(/my_find_object/result/theora/parameter_updates),/my_find_object/result/theora/parameter_updates My_Traffic(Bytes),Max_Consecutive(/my_find_object/result/theora/parameter_updates),Mean_Consecutive(/my_find_object/result/theora/parameter_updates),Var_Consecutive(/my_find_object/result/theora/parameter_updates),Messages-Age(/my_find_object/result/theora/parameter_updates),Counter(/node_diagnostic),/node_diagnostic My_Traffic(Bytes),Max_Consecutive(/node_diagnostic),Mean_Consecutive(/node_diagnostic),Var_Consecutive(/node_diagnostic),Messages-Age(/node_diagnostic),Counter(/pan_tilt_trajectory_controller/follow_joint_trajectory/status),/pan_tilt_trajectory_controller/follow_joint_trajectory/status My_Traffic(Bytes),Max_Consecutive(/pan_tilt_trajectory_controller/follow_joint_trajectory/status),Mean_Consecutive(/pan_tilt_trajectory_controller/follow_joint_trajectory/status),Var_Consecutive(/pan_tilt_trajectory_controller/follow_joint_trajectory/status),Messages-Age(/pan_tilt_trajectory_controller/follow_joint_trajectory/status),Counter(/pan_tilt_trajectory_controller/point_head_action/status),/pan_tilt_trajectory_controller/point_head_action/status My_Traffic(Bytes),Max_Consecutive(/pan_tilt_trajectory_controller/point_head_action/status),Mean_Consecutive(/pan_tilt_trajectory_controller/point_head_action/status),Var_Consecutive(/pan_tilt_trajectory_controller/point_head_action/status),Messages-Age(/pan_tilt_trajectory_controller/point_head_action/status),Counter(/pan_tilt_trajectory_controller/state),/pan_tilt_trajectory_controller/state My_Traffic(Bytes),Max_Consecutive(/pan_tilt_trajectory_controller/state),Mean_Consecutive(/pan_tilt_trajectory_controller/state),Var_Consecutive(/pan_tilt_trajectory_controller/state),Messages-Age(/pan_tilt_trajectory_controller/state),Counter(/pickup/status),/pickup/status My_Traffic(Bytes),Max_Consecutive(/pickup/status),Mean_Consecutive(/pickup/status),Var_Consecutive(/pickup/status),Messages-Age(/pickup/status),Counter(/place/status),/place/status My_Traffic(Bytes),Max_Consecutive(/place/status),Mean_Consecutive(/place/status),Var_Consecutive(/place/status),Messages-Age(/place/status),Counter(/plp/trigger),/plp/trigger My_Traffic(Bytes),Max_Consecutive(/plp/trigger),Mean_Consecutive(/plp/trigger),Var_Consecutive(/plp/trigger),Messages-Age(/plp/trigger),Counter(/poseupdate),/poseupdate My_Traffic(Bytes),Max_Consecutive(/poseupdate),Mean_Consecutive(/poseupdate),Var_Consecutive(/poseupdate),Messages-Age(/poseupdate),Counter(/scan),/scan My_Traffic(Bytes),Max_Consecutive(/scan),Mean_Consecutive(/scan),Var_Consecutive(/scan),Messages-Age(/scan),Counter(/slam_cloud),/slam_cloud My_Traffic(Bytes),Max_Consecutive(/slam_cloud),Mean_Consecutive(/slam_cloud),Var_Consecutive(/slam_cloud),Messages-Age(/slam_cloud),Counter(/slam_gmapping/entropy),/slam_gmapping/entropy My_Traffic(Bytes),Max_Consecutive(/slam_gmapping/entropy),Mean_Consecutive(/slam_gmapping/entropy),Var_Consecutive(/slam_gmapping/entropy),Messages-Age(/slam_gmapping/entropy),Counter(/slam_out_pose),/slam_out_pose My_Traffic(Bytes),Max_Consecutive(/slam_out_pose),Mean_Consecutive(/slam_out_pose),Var_Consecutive(/slam_out_pose),Messages-Age(/slam_out_pose),Counter(/statistics),/statistics My_Traffic(Bytes),Max_Consecutive(/statistics),Mean_Consecutive(/statistics),Var_Consecutive(/statistics),Messages-Age(/statistics),Counter(/tf),/tf My_Traffic(Bytes),Max_Consecutive(/tf),Mean_Consecutive(/tf),Var_Consecutive(/tf),Messages-Age(/tf),linear velocity x,angular velocity z,head_pan_joint position,head_tilt_joint position,left_finger_joint position,left_wheel_joint position,right_finger_joint position,right_wheel_joint position,rotation1_joint position,rotation2_joint position,shoulder1_joint position,shoulder2_joint position,shoulder3_joint position,torso_joint position,wrist_joint position,head_pan_joint effort,head_tilt_joint effort,left_finger_joint effort,left_wheel_joint effort,right_finger_joint effort,right_wheel_joint effort,rotation1_joint effort,rotation2_joint effort,shoulder1_joint effort,shoulder2_joint effort,shoulder3_joint effort,torso_joint effort,wrist_joint effort,head_pan_joint velocity,head_tilt_joint velocity,left_finger_joint velocity,left_wheel_joint velocity,right_finger_joint velocity,right_wheel_joint velocity,rotation1_joint velocity,rotation2_joint velocity,shoulder1_joint velocity,shoulder2_joint velocity,shoulder3_joint velocity,torso_joint velocity,wrist_joint velocity,location x,location y,Threads(/amcl),MaxLoadCPU(/amcl),MinLoadCPU(/amcl),MeanLoadCPU(/amcl),StdLoadCPU(/amcl),MaxVirtMem(/amcl),MinVirtMem(/amcl),MeanVirtMem(/amcl),StdVirtMem(/amcl),MaxRealMem(/amcl),MinRealMem(/amcl),MeanRealMem(/amcl),StdRealMem(/amcl),Threads(/twist_mux),MaxLoadCPU(/twist_mux),MinLoadCPU(/twist_mux),MeanLoadCPU(/twist_mux),StdLoadCPU(/twist_mux),MaxVirtMem(/twist_mux),MinVirtMem(/twist_mux),MeanVirtMem(/twist_mux),StdVirtMem(/twist_mux),MaxRealMem(/twist_mux),MinRealMem(/twist_mux),MeanRealMem(/twist_mux),StdRealMem(/twist_mux),Threads(/robot_state_publisher),MaxLoadCPU(/robot_state_publisher),MinLoadCPU(/robot_state_publisher),MeanLoadCPU(/robot_state_publisher),StdLoadCPU(/robot_state_publisher),MaxVirtMem(/robot_state_publisher),MinVirtMem(/robot_state_publisher),MeanVirtMem(/robot_state_publisher),StdVirtMem(/robot_state_publisher),MaxRealMem(/robot_state_publisher),MinRealMem(/robot_state_publisher),MeanRealMem(/robot_state_publisher),StdRealMem(/robot_state_publisher),Threads(/move_base),MaxLoadCPU(/move_base),MinLoadCPU(/move_base),MeanLoadCPU(/move_base),StdLoadCPU(/move_base),MaxVirtMem(/move_base),MinVirtMem(/move_base),MeanVirtMem(/move_base),StdVirtMem(/move_base),MaxRealMem(/move_base),MinRealMem(/move_base),MeanRealMem(/move_base),StdRealMem(/move_base),Threads(/map_odom_broadcaster),MaxLoadCPU(/map_odom_broadcaster),MinLoadCPU(/map_odom_broadcaster),MeanLoadCPU(/map_odom_broadcaster),StdLoadCPU(/map_odom_broadcaster),MaxVirtMem(/map_odom_broadcaster),MinVirtMem(/map_odom_broadcaster),MeanVirtMem(/map_odom_broadcaster),StdVirtMem(/map_odom_broadcaster),MaxRealMem(/map_odom_broadcaster),MinRealMem(/map_odom_broadcaster),MeanRealMem(/map_odom_broadcaster),StdRealMem(/map_odom_broadcaster),matansar(MaxCPU0),matansar(MinCPU0),matansar(MeanCPU0),matansar(StdCPU0),matansar(MaxCPU1),matansar(MinCPU1),matansar(MeanCPU1),matansar(StdCPU1),matansar(MaxCPU2),matansar(MinCPU2),matansar(MeanCPU2),matansar(StdCPU2),matansar(MaxCPU3),matansar(MinCPU3),matansar(MeanCPU3),matansar(StdCPU3),matansar(MaxCPU4),matansar(MinCPU4),matansar(MeanCPU4),matansar(StdCPU4),matansar(MaxCPU5),matansar(MinCPU5),matansar(MeanCPU5),matansar(StdCPU5),matansar(MaxCPU6),matansar(MinCPU6),matansar(MeanCPU6),matansar(StdCPU6),matansar(MaxCPU7),matansar(MinCPU7),matansar(MeanCPU7),matansar(StdCPU7),HostMaxUseMem(matansar),HostMinUseMem(matansar),HostMeanUseMem(matansar),HostStdUseMem(matansar),HostMaxAvailMem(matansar),HostMinAvailMem(matansar),HostMeanAvailMem(matansar),HostStdAvailMem(matansar),/arm_trajectory_controller/follow_joint_trajectory/status Active Connections,/arm_trajectory_controller/follow_joint_trajectory/status Dropped,/arm_trajectory_controller/follow_joint_trajectory/status Delivered,/arm_trajectory_controller/state Active Connections,/arm_trajectory_controller/state Dropped,/arm_trajectory_controller/state Delivered,/clock Active Connections,/clock Dropped,/clock Delivered,/cmd_vel Active Connections,/cmd_vel Dropped,/cmd_vel Delivered,/diagnostics Active Connections,/diagnostics Dropped,/diagnostics Delivered,/execute_trajectory/status Active Connections,/execute_trajectory/status Dropped,/execute_trajectory/status Delivered,/gazebo/model_states Active Connections,/gazebo/model_states Dropped,/gazebo/model_states Delivered,/gazebo/parameter_descriptions Active Connections,/gazebo/parameter_descriptions Dropped,/gazebo/parameter_descriptions Delivered,/gazebo/parameter_updates Active Connections,/gazebo/parameter_updates Dropped,/gazebo/parameter_updates Delivered,/gripper_controller/gripper_cmd/status Active Connections,/gripper_controller/gripper_cmd/status Dropped,/gripper_controller/gripper_cmd/status Delivered,/host_diagnostic Active Connections,/host_diagnostic Dropped,/host_diagnostic Delivered,/joint_states Active Connections,/joint_states Dropped,/joint_states Delivered,/kinect2/parameter_descriptions Active Connections,/kinect2/parameter_descriptions Dropped,/kinect2/parameter_descriptions Delivered,/kinect2/parameter_updates Active Connections,/kinect2/parameter_updates Dropped,/kinect2/parameter_updates Delivered,/kinect2/qhd/camera_info Active Connections,/kinect2/qhd/camera_info Dropped,/kinect2/qhd/camera_info Delivered,/kinect2/qhd/image_color/compressed Active Connections,/kinect2/qhd/image_color/compressed Dropped,/kinect2/qhd/image_color/compressed Delivered,/kinect2/qhd/image_color/compressed/parameter_descriptions Active Connections,/kinect2/qhd/image_color/compressed/parameter_descriptions Dropped,/kinect2/qhd/image_color/compressed/parameter_descriptions Delivered,/kinect2/qhd/image_color/compressed/parameter_updates Active Connections,/kinect2/qhd/image_color/compressed/parameter_updates Dropped,/kinect2/qhd/image_color/compressed/parameter_updates Delivered,/kinect2/qhd/image_color/compressedDepth/parameter_descriptions Active Connections,/kinect2/qhd/image_color/compressedDepth/parameter_descriptions Dropped,/kinect2/qhd/image_color/compressedDepth/parameter_descriptions Delivered,/kinect2/qhd/image_color/compressedDepth/parameter_updates Active Connections,/kinect2/qhd/image_color/compressedDepth/parameter_updates Dropped,/kinect2/qhd/image_color/compressedDepth/parameter_updates Delivered,/kinect2/qhd/image_color/theora Active Connections,/kinect2/qhd/image_color/theora Dropped,/kinect2/qhd/image_color/theora Delivered,/kinect2/qhd/image_color/theora/parameter_descriptions Active Connections,/kinect2/qhd/image_color/theora/parameter_descriptions Dropped,/kinect2/qhd/image_color/theora/parameter_descriptions Delivered,/kinect2/qhd/image_color/theora/parameter_updates Active Connections,/kinect2/qhd/image_color/theora/parameter_updates Dropped,/kinect2/qhd/image_color/theora/parameter_updates Delivered,/map_metadata Active Connections,/map_metadata Dropped,/map_metadata Delivered,/mobile_base_controller/cmd_vel Active Connections,/mobile_base_controller/cmd_vel Dropped,/mobile_base_controller/cmd_vel Delivered,/mobile_base_controller/odom Active Connections,/mobile_base_controller/odom Dropped,/mobile_base_controller/odom Delivered,/move_base/DWAPlannerROS/parameter_descriptions Active Connections,/move_base/DWAPlannerROS/parameter_descriptions Dropped,/move_base/DWAPlannerROS/parameter_descriptions Delivered,/move_base/DWAPlannerROS/parameter_updates Active Connections,/move_base/DWAPlannerROS/parameter_updates Dropped,/move_base/DWAPlannerROS/parameter_updates Delivered,/move_base/global_costmap/costmap Active Connections,/move_base/global_costmap/costmap Dropped,/move_base/global_costmap/costmap Delivered,/move_base/global_costmap/footprint Active Connections,/move_base/global_costmap/footprint Dropped,/move_base/global_costmap/footprint Delivered,/move_base/global_costmap/inflation_global/parameter_descriptions Active Connections,/move_base/global_costmap/inflation_global/parameter_descriptions Dropped,/move_base/global_costmap/inflation_global/parameter_descriptions Delivered,/move_base/global_costmap/inflation_global/parameter_updates Active Connections,/move_base/global_costmap/inflation_global/parameter_updates Dropped,/move_base/global_costmap/inflation_global/parameter_updates Delivered,/move_base/global_costmap/parameter_descriptions Active Connections,/move_base/global_costmap/parameter_descriptions Dropped,/move_base/global_costmap/parameter_descriptions Delivered,/move_base/global_costmap/parameter_updates Active Connections,/move_base/global_costmap/parameter_updates Dropped,/move_base/global_costmap/parameter_updates Delivered,/move_base/global_costmap/static/parameter_descriptions Active Connections,/move_base/global_costmap/static/parameter_descriptions Dropped,/move_base/global_costmap/static/parameter_descriptions Delivered,/move_base/global_costmap/static/parameter_updates Active Connections,/move_base/global_costmap/static/parameter_updates Dropped,/move_base/global_costmap/static/parameter_updates Delivered,/move_base/local_costmap/costmap Active Connections,/move_base/local_costmap/costmap Dropped,/move_base/local_costmap/costmap Delivered,/move_base/local_costmap/costmap_updates Active Connections,/move_base/local_costmap/costmap_updates Dropped,/move_base/local_costmap/costmap_updates Delivered,/move_base/local_costmap/footprint Active Connections,/move_base/local_costmap/footprint Dropped,/move_base/local_costmap/footprint Delivered,/move_base/local_costmap/inflation/parameter_descriptions Active Connections,/move_base/local_costmap/inflation/parameter_descriptions Dropped,/move_base/local_costmap/inflation/parameter_descriptions Delivered,/move_base/local_costmap/inflation/parameter_updates Active Connections,/move_base/local_costmap/inflation/parameter_updates Dropped,/move_base/local_costmap/inflation/parameter_updates Delivered,/move_base/local_costmap/obstacles_laser/parameter_descriptions Active Connections,/move_base/local_costmap/obstacles_laser/parameter_descriptions Dropped,/move_base/local_costmap/obstacles_laser/parameter_descriptions Delivered,/move_base/local_costmap/obstacles_laser/parameter_updates Active Connections,/move_base/local_costmap/obstacles_laser/parameter_updates Dropped,/move_base/local_costmap/obstacles_laser/parameter_updates Delivered,/move_base/local_costmap/parameter_descriptions Active Connections,/move_base/local_costmap/parameter_descriptions Dropped,/move_base/local_costmap/parameter_descriptions Delivered,/move_base/local_costmap/parameter_updates Active Connections,/move_base/local_costmap/parameter_updates Dropped,/move_base/local_costmap/parameter_updates Delivered,/move_base/parameter_descriptions Active Connections,/move_base/parameter_descriptions Dropped,/move_base/parameter_descriptions Delivered,/move_base/parameter_updates Active Connections,/move_base/parameter_updates Dropped,/move_base/parameter_updates Delivered,/move_base/status Active Connections,/move_base/status Dropped,/move_base/status Delivered,/move_group/monitored_planning_scene Active Connections,/move_group/monitored_planning_scene Dropped,/move_group/monitored_planning_scene Delivered,/move_group/ompl/parameter_descriptions Active Connections,/move_group/ompl/parameter_descriptions Dropped,/move_group/ompl/parameter_descriptions Delivered,/move_group/ompl/parameter_updates Active Connections,/move_group/ompl/parameter_updates Dropped,/move_group/ompl/parameter_updates Delivered,/move_group/plan_execution/parameter_descriptions Active Connections,/move_group/plan_execution/parameter_descriptions Dropped,/move_group/plan_execution/parameter_descriptions Delivered,/move_group/plan_execution/parameter_updates Active Connections,/move_group/plan_execution/parameter_updates Dropped,/move_group/plan_execution/parameter_updates Delivered,/move_group/planning_scene_monitor/parameter_descriptions Active Connections,/move_group/planning_scene_monitor/parameter_descriptions Dropped,/move_group/planning_scene_monitor/parameter_descriptions Delivered,/move_group/planning_scene_monitor/parameter_updates Active Connections,/move_group/planning_scene_monitor/parameter_updates Dropped,/move_group/planning_scene_monitor/parameter_updates Delivered,/move_group/sense_for_plan/parameter_descriptions Active Connections,/move_group/sense_for_plan/parameter_descriptions Dropped,/move_group/sense_for_plan/parameter_descriptions Delivered,/move_group/sense_for_plan/parameter_updates Active Connections,/move_group/sense_for_plan/parameter_updates Dropped,/move_group/sense_for_plan/parameter_updates Delivered,/move_group/status Active Connections,/move_group/status Dropped,/move_group/status Delivered,/move_group/trajectory_execution/parameter_descriptions Active Connections,/move_group/trajectory_execution/parameter_descriptions Dropped,/move_group/trajectory_execution/parameter_descriptions Delivered,/move_group/trajectory_execution/parameter_updates Active Connections,/move_group/trajectory_execution/parameter_updates Dropped,/move_group/trajectory_execution/parameter_updates Delivered,/my_find_object/bw/compressed Active Connections,/my_find_object/bw/compressed Dropped,/my_find_object/bw/compressed Delivered,/my_find_object/bw/compressed/parameter_descriptions Active Connections,/my_find_object/bw/compressed/parameter_descriptions Dropped,/my_find_object/bw/compressed/parameter_descriptions Delivered,/my_find_object/bw/compressed/parameter_updates Active Connections,/my_find_object/bw/compressed/parameter_updates Dropped,/my_find_object/bw/compressed/parameter_updates Delivered,/my_find_object/bw/compressedDepth/parameter_descriptions Active Connections,/my_find_object/bw/compressedDepth/parameter_descriptions Dropped,/my_find_object/bw/compressedDepth/parameter_descriptions Delivered,/my_find_object/bw/compressedDepth/parameter_updates Active Connections,/my_find_object/bw/compressedDepth/parameter_updates Dropped,/my_find_object/bw/compressedDepth/parameter_updates Delivered,/my_find_object/bw/theora/parameter_descriptions Active Connections,/my_find_object/bw/theora/parameter_descriptions Dropped,/my_find_object/bw/theora/parameter_descriptions Delivered,/my_find_object/bw/theora/parameter_updates Active Connections,/my_find_object/bw/theora/parameter_updates Dropped,/my_find_object/bw/theora/parameter_updates Delivered,/my_find_object/hsv_filterd/compressed Active Connections,/my_find_object/hsv_filterd/compressed Dropped,/my_find_object/hsv_filterd/compressed Delivered,/my_find_object/hsv_filterd/compressed/parameter_descriptions Active Connections,/my_find_object/hsv_filterd/compressed/parameter_descriptions Dropped,/my_find_object/hsv_filterd/compressed/parameter_descriptions Delivered,/my_find_object/hsv_filterd/compressed/parameter_updates Active Connections,/my_find_object/hsv_filterd/compressed/parameter_updates Dropped,/my_find_object/hsv_filterd/compressed/parameter_updates Delivered,/my_find_object/hsv_filterd/compressedDepth/parameter_descriptions Active Connections,/my_find_object/hsv_filterd/compressedDepth/parameter_descriptions Dropped,/my_find_object/hsv_filterd/compressedDepth/parameter_descriptions Delivered,/my_find_object/hsv_filterd/compressedDepth/parameter_updates Active Connections,/my_find_object/hsv_filterd/compressedDepth/parameter_updates Dropped,/my_find_object/hsv_filterd/compressedDepth/parameter_updates Delivered,/my_find_object/hsv_filterd/theora Active Connections,/my_find_object/hsv_filterd/theora Dropped,/my_find_object/hsv_filterd/theora Delivered,/my_find_object/hsv_filterd/theora/parameter_descriptions Active Connections,/my_find_object/hsv_filterd/theora/parameter_descriptions Dropped,/my_find_object/hsv_filterd/theora/parameter_descriptions Delivered,/my_find_object/hsv_filterd/theora/parameter_updates Active Connections,/my_find_object/hsv_filterd/theora/parameter_updates Dropped,/my_find_object/hsv_filterd/theora/parameter_updates Delivered,/my_find_object/result/compressed/parameter_descriptions Active Connections,/my_find_object/result/compressed/parameter_descriptions Dropped,/my_find_object/result/compressed/parameter_descriptions Delivered,/my_find_object/result/compressed/parameter_updates Active Connections,/my_find_object/result/compressed/parameter_updates Dropped,/my_find_object/result/compressed/parameter_updates Delivered,/my_find_object/result/compressedDepth/parameter_descriptions Active Connections,/my_find_object/result/compressedDepth/parameter_descriptions Dropped,/my_find_object/result/compressedDepth/parameter_descriptions Delivered,/my_find_object/result/compressedDepth/parameter_updates Active Connections,/my_find_object/result/compressedDepth/parameter_updates Dropped,/my_find_object/result/compressedDepth/parameter_updates Delivered,/my_find_object/result/theora Active Connections,/my_find_object/result/theora Dropped,/my_find_object/result/theora Delivered,/my_find_object/result/theora/parameter_descriptions Active Connections,/my_find_object/result/theora/parameter_descriptions Dropped,/my_find_object/result/theora/parameter_descriptions Delivered,/my_find_object/result/theora/parameter_updates Active Connections,/my_find_object/result/theora/parameter_updates Dropped,/my_find_object/result/theora/parameter_updates Delivered,/node_diagnostic Active Connections,/node_diagnostic Dropped,/node_diagnostic Delivered,/pan_tilt_trajectory_controller/follow_joint_trajectory/status Active Connections,/pan_tilt_trajectory_controller/follow_joint_trajectory/status Dropped,/pan_tilt_trajectory_controller/follow_joint_trajectory/status Delivered,/pan_tilt_trajectory_controller/point_head_action/status Active Connections,/pan_tilt_trajectory_controller/point_head_action/status Dropped,/pan_tilt_trajectory_controller/point_head_action/status Delivered,/pan_tilt_trajectory_controller/state Active Connections,/pan_tilt_trajectory_controller/state Dropped,/pan_tilt_trajectory_controller/state Delivered,/pickup/status Active Connections,/pickup/status Dropped,/pickup/status Delivered,/place/status Active Connections,/place/status Dropped,/place/status Delivered,/plp/trigger Active Connections,/plp/trigger Dropped,/plp/trigger Delivered,/poseupdate Active Connections,/poseupdate Dropped,/poseupdate Delivered,/scan Active Connections,/scan Dropped,/scan Delivered,/slam_cloud Active Connections,/slam_cloud Dropped,/slam_cloud Delivered,/slam_gmapping/entropy Active Connections,/slam_gmapping/entropy Dropped,/slam_gmapping/entropy Delivered,/slam_out_pose Active Connections,/slam_out_pose Dropped,/slam_out_pose Delivered,/statistics Active Connections,/statistics Dropped,/statistics Delivered,/tf Active Connections,/tf Dropped,/tf Delivered
7,140,0.198,0.0373333333333,0.00626826666667,411714285.714,57,30666,0.022,0.00432142857143,6.57857142857e-05,342649122.807,351,2808,0.007,0.000714285714286,9.15268112976e-07,0.0,7,336,0.101,0.0358333333333,0.00250456666667,0.0,1,574,0,0,0,67000000.0,6,120,0.07,0.0148,0.0009552,436166666.667,349,211145,0.041,0.000614942528736,1.9511245818e-05,0.0,1,2710,0,0,0,0.0,1,399,0,0,0,0.0,6,120,0.094,0.0196,0.0017328,420166666.667,2,652,0.004,0.004,0,0.0,50,29500,0.023,0.00479591836735,7.10824829932e-05,286900000.0,1,353,0,0,0,0.0,1,63,0,0,0,0.0,14,5222,0.116,0.01,0.00102266666667,455571428.571,9,82522,0.119,0.017375,0.00171683928571,1059444444.44,1,1067,0,0,0,0.0,1,95,0,0,0,0.0,1,576,0,0,0,0.0,1,108,0,0,0,0.0,12,5151,0.144,0.016,0.001872,2314666666.67,1,1261,0,0,0,0.0,1,123,0,0,0,0.0,2,152,0.004,0.004,0,0.0,8,384,0.101,0.0312857142857,0.0022319047619,0.0,46,33028,0.021,0.00522222222222,7.48131313131e-05,249543478.261,1,6355,0,0,0,0.0,1,885,0,0,0,0.0,1,4194403,0,0,0,672000000.0,5,355,0.138,0.0355,0.004673,293200000.0,1,643,0,0,0,0.0,1,111,0,0,0,0.0,1,2052,0,0,0,0.0,1,340,0,0,0,0.0,1,253,0,0,0,0.0,1,52,0,0,0,0.0,1,1000,0,0,0,456000000.0,2,1580,0.109,0.109,0,145500000.0,3,216,0.109,0.0545,0.0059405,127666666.667,1,643,0,0,0,0.0,1,111,0,0,0,0.0,1,1565,0,0,0,0.0,1,140,0,0,0,0.0,1,2052,0,0,0,0.0,1,340,0,0,0,0.0,1,3301,0,0,0,0.0,1,487,0,0,0,0.0,4,80,0.196,0.073,0.011479,140000000.0,2,1336,0.093,0.093,0,0.0,1,1186,0,0,0,0.0,1,195,0,0,0,0.0,1,640,0,0,0,0.0,1,112,0,0,0,0.0,1,1133,0,0,0,0.0,1,190,0,0,0,0.0,1,1072,0,0,0,0.0,1,163,0,0,0,0.0,3,60,0.105,0.0525,0.0055125,129333333.333,1,1413,0,0,0,0.0,1,233,0,0,0,0.0,1,6525,0.0,0.0,0.0,54000000.0,1,1067,0,0,0,0.0,1,95,0,0,0,0.0,1,576,0,0,0,0.0,1,108,0,0,0,0.0,1,1261,0,0,0,0.0,1,123,0,0,0,0.0,2,17728,0.139,0.139,0.0,16500000.0,1,1067,0,0,0,0.0,1,95,0,0,0,0.0,1,576,0,0,0,0.0,1,108,0,0,0,0.0,4,4177,0.027,0.009,0.000243,30750000.0,1,1261,0,0,0,0.0,1,123,0,0,0,0.0,1,1067,0,0,0,0.0,1,95,0,0,0,0.0,1,576,0,0,0,0.0,1,108,0,0,0,0.0,4,4381,0.022,0.00733333333333,0.000161333333333,62500000.0,1,1261,0,0,0,0.0,1,123,0,0,0,0.0,0,0,0.0,0.0,0.0,0.0,2,40,0.171,0.171,0,15000000.0,2,40,0.109,0.109,0,46500000.0,11,2651,0.023,0.0199,1.87777777778e-06,272727.272727,2,40,0.151,0.151,0,25000000.0,2,40,0.173,0.173,0,14500000.0,1,5,0,0,0,0.0,2,726,0.102,0.102,0.0,5500000.0,1,5398,0.0,0.0,0.0,6000000.0,1,13406,0.0,0.0,0.0,7000000.0,0,0,0,0,0,0.0,1,75,0.0,0.0,0.0,7000000.0,4,639,0.048,0.0263333333333,0.000408333333333,0.0,22,22597,0.016,0.00495238095238,2.56476190476e-05,0.0,0,0,-3.87985361527e-06,8.31516143229e-05,6.32318245284e-05,-0.0377074682118,-3.43636531897e-05,0.073205968087,-0.000376575220208,-0.000894435652087,4.12427811307e-05,4.7360557911e-05,5.87411587851e-05,-4.12161279098e-05,4.91306578265e-06,0.0,0.0,0.0,0.0,0.0,0.0,0.0,0.0,0.0,0.0,0.0,0.0,0.0,-0.00114887313627,0.0102397734852,-1.81518066577e-05,-0.0950818304767,0.000113486797668,0.0876466980346,-0.00624901238092,-0.00839649732423,0.00963213359998,0.0182538416187,0.042538383131,-0.0412847041626,-3.54305894973e-05,0,0,0,0,9223372036854775807,0,9223372036854775807,0,9223372036854775807,0,9223372036854775807,0,9223372036854775807,0,9223372036854775807,0.0,0.0,9.22337203685e+18,0.0,9.22337203685e+18,0.0,9.22337203685e+18,0.0,9.22337203685e+18,0.0,9.22337203685e+18,0.0,9.22337203685e+18,0.0,0.0,9.22337203685e+18,0.0,9.22337203685e+18,0.0,9.22337203685e+18,0.0,9.22337203685e+18,0.0,9.22337203685e+18,0.0,9.22337203685e+18,0.0,0.0,9.22337203685e+18,0.0,9.22337203685e+18,0.0,9.22337203685e+18,0.0,9.22337203685e+18,0.0,9.22337203685e+18,0.0,9.22337203685e+18,0,0,9223372036854775807,0,9223372036854775807,0,9223372036854775807,0,9223372036854775807,0,9223372036854775807,0,9223372036854775807,0,9223372036854775807,0,9223372036854775807,0,9223372036854775807,0,9223372036854775807,0,9223372036854775807,0,9223372036854775807,0,9223372036854775807,0,9223372036854775807,0,9223372036854775807,0,9223372036854775807,0,9223372036854775807,0,9223372036854775807,0,9223372036854775807,0,9223372036854775807,0,9223372036854775807,0,9223372036854775807,0,0,0,0,9223372036854775807,9223372036854775807,9223372036854775807,0,0,0,0,1,0,52,0,0,0,0,0,0,0,0,0,0,0,0,1,736,977,0,0,0,0,0,0,0,0,0,0,0,0,0,0,0,0,0,0,0,0,0,0,0,0,0,0,0,0,0,0,0,0,0,0,0,0,0,0,0,0,0,0,0,0,0,0,0,0,0,0,0,0,0,0,0,0,0,0,0,0,0,0,0,0,0,0,0,0,0,0,0,0,0,0,0,0,0,0,0,0,0,0,0,0,0,0,0,0,0,0,0,0,0,0,0,0,0,0,0,0,0,0,0,0,0,0,0,0,0,0,0,0,0,0,0,0,0,0,0,0,0,0,0,0,0,0,0,0,0,0,0,0,0,0,0,0,0,0,0,0,0,0,0,0,0,0,0,0,0,0,0,0,0,0,0,0,0,0,0,0,0,0,0,0,0,0,0,0,0,0,0,0,0,0,0,0,0,0,0,0,0,0,0,0,0,0,0,0,0,0,0,0,0,0,0,0,0,0,0,0,0,0,0,0,0,0,0,0,0,0,0,0,0,0,0,0,0,0,0,0,0,0,0,0,0,0,0,0,0,0,0,0,0,0,1,0,51,0,0,0,0,0,0,0,0,0,0,0,0,0,0,0,0,0,0,0,0,0,0,0,0,0,0,0,1,0,398
1,20,0.0,0.0,0.0,2000000.0,12,6456,0.026,0.0201818181818,7.56363636364e-06,-833333.333333,252,2016,0.007,0.000988047808765,9.15856573705e-07,0.0,2,96,0.1,0.1,0.0,0.0,0,0,0,0,0,0.0,2,40,0.203,0.203,0.0,2000000.0,269,162745,0.041,0.000858208955224,2.64592207502e-05,0.0,0,0,0,0,0,0.0,0,0,0,0,0,0.0,2,40,0.201,0.201,0.0,0.0,1,326,0.0,0.0,0,0.0,13,7670,0.021,0.0196666666667,2.42424242424e-06,76923.076923,0,0,0,0,0,0.0,0,0,0,0,0,0.0,6,2238,0.104,0.0414,0.0032138,190666666.667,3,27629,0.11,0.1045,6.05e-05,195000000.0,0,0,0,0,0,0.0,0,0,0,0,0,0.0,0,0,0,0,0,0.0,0,0,0,0,0,0.0,2,265,0.1,0.1,0.0,240000000.0,0,0,0,0,0,0.0,0,0,0,0,0,0.0,0,0,0.0,0.0,0,0.0,2,96,0.1,0.1,0.0,0.0,13,9334,0.021,0.0200833333333,4.4696969697e-07,-230769.230769,0,0,0,0,0,0.0,0,0,0,0,0,0.0,0,0,0,0,0,0.0,1,71,0.0,0.0,0.0,-1000000.0,0,0,0,0,0,0.0,0,0,0,0,0,0.0,0,0,0,0,0,0.0,0,0,0,0,0,0.0,0,0,0,0,0,0.0,0,0,0,0,0,0.0,0,0,0,0,0,0.0,0,0,0.0,0.0,0,0.0,1,72,0.0,0.0,0.0,0.0,0,0,0,0,0,0.0,0,0,0,0,0,0.0,0,0,0,0,0,0.0,0,0,0,0,0,0.0,0,0,0,0,0,0.0,0,0,0,0,0,0.0,0,0,0,0,0,0.0,0,0,0,0,0,0.0,1,20,0.0,0.0,0.0,5000000.0,1,668,0.0,0.0,0,0.0,0,0,0,0,0,0.0,0,0,0,0,0,0.0,0,0,0,0,0,0.0,0,0,0,0,0,0.0,0,0,0,0,0,0.0,0,0,0,0,0,0.0,0,0,0,0,0,0.0,0,0,0,0,0,0.0,1,20,0.0,0.0,0.0,0.0,0,0,0,0,0,0.0,0,0,0,0,0,0.0,2,13050,0.137,0.137,0.0,48500000.0,0,0,0,0,0,0.0,0,0,0,0,0,0.0,0,0,0,0,0,0.0,0,0,0,0,0,0.0,0,0,0,0,0,0.0,0,0,0,0,0,0.0,1,8864,0.0,0.0,0.0,12000000.0,0,0,0,0,0,0.0,0,0,0,0,0,0.0,0,0,0,0,0,0.0,0,0,0,0,0,0.0,2,142,0.136,0.136,0.0,48000000.0,0,0,0,0,0,0.0,0,0,0,0,0,0.0,0,0,0,0,0,0.0,0,0,0,0,0,0.0,0,0,0,0,0,0.0,0,0,0,0,0,0.0,2,227,0.111,0.111,0.0,89500000.0,0,0,0,0,0,0.0,0,0,0,0,0,0.0,19,3616,0.004,0.000277777777778,9.18300653595e-07,0.0,1,20,0.0,0.0,0,0.0,1,20,0.0,0.0,0,-1000000.0,13,3133,0.023,0.0198333333333,2.87878787879e-06,230769.230769,1,20,0.0,0.0,0,1000000.0,1,20,0.0,0.0,0,0.0,0,0,0,0,0,0.0,3,1089,0.105,0.104,2e-06,4000000.0,3,16194,0.105,0.1035,4.5e-06,3666666.66667,3,40218,0.104,0.1035,5e-07,3000000.0,0,0,0,0,0,0.0,3,225,0.104,0.1035,5e-07,3000000.0,10,1555,0.041,0.0191111111111,0.000159861111111,0.0,49,46891,0.021,0.00495833333333,3.7274822695e-05,0.0,0,0,-3.89484758223e-06,-4.87576135164e-05,-4.02652697469e-05,-0.0623474206659,-3.42377181655e-05,0.0959218506902,-0.000376599466132,-0.000894442666145,4.12426073337e-05,4.73633756988e-05,5.8740358778e-05,-4.12162149442e-05,4.91229905464e-06,0.0,0.0,0.0,0.0,0.0,0.0,0.0,0.0,0.0,0.0,0.0,0.0,0.0,-0.0011638594129,0.010238238412,-1.81537348078e-05,-0.0944951073948,0.000113214884633,0.0883269376237,-0.00627566557578,-0.00840437085536,0.00963168540503,0.0182564457123,0.0425375232993,-0.0412847362425,-3.62202216802e-05,0,0,0,0,9223372036854775807,0,9223372036854775807,0,9223372036854775807,0,9223372036854775807,0,9223372036854775807,0,9223372036854775807,6.0,10.0,0.0,5.88000011444,5.36954384314,10403840.0,10403840.0,10403840.0,0.0,486219776.0,486219776.0,486219776.0,0.0,6.0,11.3000001907,0.0,8.16000003815,4.61009764533,15544320.0,15544320.0,15544320.0,0.0,472285184.0,472285184.0,472285184.0,0.0,11.0,47.0999984741,9.80000019073,23.6599998474,18.5403068226,72224768.0,63873024.0,68123852.8,2953580.12956,962248704.0,962248704.0,962248704.0,0.0,0,0,9223372036854775807,0,9223372036854775807,0,9223372036854775807,0,9223372036854775807,0,9223372036854775807,0,9223372036854775807,0,9223372036854775807,0,9223372036854775807,0,9223372036854775807,0,9223372036854775807,0,9223372036854775807,0,9223372036854775807,0,9223372036854775807,0,9223372036854775807,0,9223372036854775807,0,9223372036854775807,0,9223372036854775807,0,9223372036854775807,0,9223372036854775807,0,9223372036854775807,0,9223372036854775807,0,9223372036854775807,0,0,0,0,9223372036854775807,9223372036854775807,9223372036854775807,0,2,0,12,0,0,0,0,0,0,0,0,0,0,0,0,1,0,5,0,0,0,0,0,0,0,0,0,1,0,7,0,0,0,1,0,51,0,0,0,0,0,0,1,0,17,1,0,11,0,0,0,0,0,0,0,0,0,0,0,0,1,0,14,0,0,0,0,0,0,0,0,0,0,0,0,1,0,52,0,0,0,0,0,0,0,0,0,1,0,6,0,0,0,0,0,0,0,0,0,0,0,0,0,0,0,0,0,0,0,0,0,0,0,0,0,0,0,0,0,0,0,0,0,0,0,0,0,0,0,0,0,0,0,0,0,0,0,0,0,0,0,0,0,0,0,0,0,0,0,0,0,0,0,0,0,0,0,0,0,0,0,0,0,0,0,0,0,0,0,0,0,0,0,0,0,0,0,0,0,0,0,0,0,0,0,0,0,0,0,0,0,0,0,0,0,0,0,0,0,0,0,0,0,0,0,0,0,0,0,0,0,0,0,0,0,0,0,0,0,0,0,0,0,0,0,0,0,0,0,0,0,0,0,0,0,0,0,0,0,0,0,0,0,0,0,0,0,0,0,0,0,0,0,0,0,0,0,0,0,0,0,0,0,0,0,0,0,0,0,0,0,0,0,0,0,0,0,0,0,0,0,0,0,0,0,0,0,0
1,20,0.0,0.0,0.0,0.0,13,6994,0.024,0.02,2.72727272727e-06,-538461.538462,249,1992,0.005,0.001,5.18218623482e-07,0.0,3,144,0.102,0.101,2e-06,0.0,0,0,0,0,0,0.0,1,20,0.0,0.0,0.0,0.0,240,145200,0.04,0.000874476987448,2.76480433177e-05,0.0,0,0,0,0,0,0.0,0,0,0,0,0,0.0,1,20,0.0,0.0,0.0,0.0,1,326,0.0,0.0,0,0.0,12,7080,0.022,0.0200909090909,2.49090909091e-06,-83333.3333333,0,0,0,0,0,0.0,0,0,0,0,0,0.0,2,746,0.0,0.0,0.0,167000000.0,2,18431,0.116,0.116,0.0,177000000.0,0,0,0,0,0,0.0,0,0,0,0,0,0.0,0,0,0,0,0,0.0,0,0,0,0,0,0.0,3,387,0.132,0.113,0.000722,214333333.333,0,0,0,0,0,0.0,0,0,0,0,0,0.0,0,0,0.0,0.0,0,0.0,3,144,0.102,0.101,2e-06,0.0,12,8616,0.024,0.02,2.8e-06,250000.0,0,0,0,0,0,0.0,0,0,0,0,0,0.0,0,0,0,0,0,0.0,2,142,0.196,0.196,0.0,2000000.0,0,0,0,0,0,0.0,0,0,0,0,0,0.0,0,0,0,0,0,0.0,0,0,0,0,0,0.0,0,0,0,0,0,0.0,0,0,0,0,0,0.0,0,0,0,0,0,0.0,1,640,0.0,0.0,0,0.0,2,144,0.2,0.2,0.0,0.0,0,0,0,0,0,0.0,0,0,0,0,0,0.0,0,0,0,0,0,0.0,0,0,0,0,0,0.0,0,0,0,0,0,0.0,0,0,0,0,0,0.0,0,0,0,0,0,0.0,0,0,0,0,0,0.0,1,20,0.0,0.0,0.0,0.0,1,668,0.0,0.0,0,0.0,0,0,0,0,0,0.0,0,0,0,0,0,0.0,0,0,0,0,0,0.0,0,0,0,0,0,0.0,0,0,0,0,0,0.0,0,0,0,0,0,0.0,0,0,0,0,0,0.0,0,0,0,0,0,0.0,2,40,0.2,0.2,0.0,0.0,0,0,0,0,0,0.0,0,0,0,0,0,0.0,2,13050,0.117,0.117,0.0,37500000.0,0,0,0,0,0,0.0,0,0,0,0,0,0.0,0,0,0,0,0,0.0,0,0,0,0,0,0.0,0,0,0,0,0,0.0,0,0,0,0,0,0.0,3,26592,0.124,0.1185,6.05e-05,11666666.6667,0,0,0,0,0,0.0,0,0,0,0,0,0.0,0,0,0,0,0,0.0,0,0,0,0,0,0.0,2,142,0.117,0.117,0.0,36500000.0,0,0,0,0,0,0.0,0,0,0,0,0,0.0,0,0,0,0,0,0.0,0,0,0,0,0,0.0,0,0,0,0,0,0.0,0,0,0,0,0,0.0,2,265,0.116,0.116,0.0,61000000.0,0,0,0,0,0,0.0,0,0,0,0,0,0.0,10,1913,0.0,0.0,0.0,0.0,1,20,0.0,0.0,0,1000000.0,2,40,0.196,0.196,0,0.0,12,2892,0.023,0.0203636363636,2.25454545455e-06,833333.333333,1,20,0.0,0.0,0,1000000.0,1,20,0.0,0.0,0,0.0,0,0,0,0,0,0.0,2,726,0.102,0.102,0.0,6500000.0,2,10796,0.103,0.103,0.0,6000000.0,2,26812,0.103,0.103,0.0,6000000.0,0,0,0,0,0,0.0,2,150,0.103,0.103,0.0,6000000.0,7,967,0.086,0.027,0.00115,0.0,41,39981,0.022,0.005625,3.86506410256e-05,0.0,0,0,-3.90890092561e-06,-4.90402400857e-05,-4.07056817098e-05,-0.0849587541923,-3.41484861721e-05,0.117050908721,-0.000376624361142,-0.00089444961053,4.12425803269e-05,4.7365838415e-05,5.8739489142e-05,-4.12162743736e-05,4.91158562088e-06,0.0,0.0,0.0,0.0,0.0,0.0,0.0,0.0,0.0,0.0,0.0,0.0,0.0,-0.0011779072754,0.010242203615,-1.81534789709e-05,-0.0939844515079,0.000112936651178,0.0889864413865,-0.00630262084509,-0.00841197748829,0.00963141359272,0.0182587258702,0.0425365741851,-0.0412847363628,-3.69501038649e-05,0,0,0,0,9223372036854775807,0,9223372036854775807,0,9223372036854775807,0,9223372036854775807,0,9223372036854775807,0,9223372036854775807,6.0,12.1000003815,0.0,6.56000003815,6.03100328975,10469376.0,10403840.0,10416947.2,29308.5901947,486219776.0,486219776.0,486219776.0,0.0,0.0,0.0,9.22337203685e+18,0.0,9.22337203685e+18,0.0,9.22337203685e+18,0.0,9.22337203685e+18,0.0,9.22337203685e+18,0.0,9.22337203685e+18,0.0,0.0,9.22337203685e+18,0.0,9.22337203685e+18,0.0,9.22337203685e+18,0.0,9.22337203685e+18,0.0,9.22337203685e+18,0.0,9.22337203685e+18,0,0,9223372036854775807,0,9223372036854775807,0,9223372036854775807,0,9223372036854775807,0,9223372036854775807,0,9223372036854775807,0,9223372036854775807,0,9223372036854775807,0,9223372036854775807,0,9223372036854775807,0,9223372036854775807,0,9223372036854775807,0,9223372036854775807,0,9223372036854775807,0,9223372036854775807,0,9223372036854775807,0,9223372036854775807,0,9223372036854775807,0,9223372036854775807,0,9223372036854775807,0,9223372036854775807,0,9223372036854775807,0,0,0,0,9223372036854775807,9223372036854775807,9223372036854775807,0,0,0,0,0,0,0,0,0,0,1,0,11,0,0,0,0,0,0,0,0,0,0,0,0,0,0,0,1,0,6,1,0,4,0,0,0,0,0,0,0,0,0,0,0,0,0,0,0,0,0,0,0,0,0,0,0,0,0,0,0,0,0,0,0,0,0,0,0,0,0,0,0,1,0,12,1,0,45,0,0,0,0,0,0,0,0,0,0,0,0,0,0,0,0,0,0,0,0,0,0,0,0,0,0,0,0,0,0,0,0,0,0,0,0,0,0,0,0,0,0,0,0,0,0,0,0,0,0,0,0,0,0,0,0,0,0,0,0,0,0,0,0,0,0,0,0,0,0,0,0,0,0,0,0,0,0,0,0,0,0,0,0,0,0,0,0,0,0,0,0,0,0,0,0,0,0,0,0,0,0,0,0,0,0,0,0,0,0,0,0,0,0,0,0,0,0,0,0,0,0,0,0,0,0,0,0,0,0,0,0,0,0,0,0,0,0,0,0,0,0,0,0,0,0,0,0,0,0,0,0,0,0,0,0,0,0,0,0,0,0,0,0,0,0,0,0,0,0,0,0,0,0,0,0,0,0,0,0,0,0,0,0,0,0,0,0,0,0,0,0,2,0,20,0,0,0,0,0,0,0,0,0,0,0,0,0,0,0
1,20,0.0,0.0,0.0,4000000.0,12,6456,0.021,0.02,6e-07,-250000.0,251,2008,0.005,0.001,5.62248995984e-07,0.0,2,96,0.1,0.1,0.0,0.0,1,574,0,0,0,0.0,1,20,0.0,0.0,0.0,0.0,252,152460,0.039,0.000864541832669,2.56055776892e-05,0.0,0,0,0,0,0,0.0,0,0,0,0,0,0.0,1,20,0.0,0.0,0.0,0.0,0,0,0.0,0.0,0,0.0,13,7670,0.022,0.02,1.45454545454e-06,-230769.230769,0,0,0,0,0,0.0,0,0,0,0,0,0.0,4,1492,0.103,0.0343333333333,0.00353633333333,157500000.0,3,27657,0.102,0.0975,4.05e-05,175666666.667,0,0,0,0,0,0.0,0,0,0,0,0,0.0,0,0,0,0,0,0.0,0,0,0,0,0,0.0,2,268,0.085,0.085,0.0,210500000.0,0,0,0,0,0,0.0,0,0,0,0,0,0.0,0,0,0.0,0.0,0,0.0,2,96,0.1,0.1,0.0,0.0,13,9334,0.022,0.0200833333333,8.10606060606e-07,-76923.0769231,0,0,0,0,0,0.0,0,0,0,0,0,0.0,0,0,0,0,0,0.0,1,71,0.0,0.0,0.0,0.0,0,0,0,0,0,0.0,0,0,0,0,0,0.0,0,0,0,0,0,0.0,0,0,0,0,0,0.0,0,0,0,0,0,0.0,0,0,0,0,0,0.0,0,0,0,0,0,0.0,1,640,0.0,0.0,0,-2000000.0,1,72,0.0,0.0,0.0,-2000000.0,0,0,0,0,0,0.0,0,0,0,0,0,0.0,0,0,0,0,0,0.0,0,0,0,0,0,0.0,0,0,0,0,0,0.0,0,0,0,0,0,0.0,0,0,0,0,0,0.0,0,0,0,0,0,0.0,1,20,0.0,0.0,0.0,-2000000.0,1,668,0.0,0.0,0,0.0,0,0,0,0,0,0.0,0,0,0,0,0,0.0,0,0,0,0,0,0.0,0,0,0,0,0,0.0,0,0,0,0,0,0.0,0,0,0,0,0,0.0,0,0,0,0,0,0.0,0,0,0,0,0,0.0,1,20,0.0,0.0,0.0,0.0,0,0,0,0,0,0.0,0,0,0,0,0,0.0,3,19575,0.111,0.111,3.94430452611e-31,36333333.3333,0,0,0,0,0,0.0,0,0,0,0,0,0.0,0,0,0,0,0,0.0,0,0,0,0,0,0.0,0,0,0,0,0,0.0,0,0,0,0,0,0.0,2,17728,0.106,0.106,0.0,8500000.0,0,0,0,0,0,0.0,0,0,0,0,0,0.0,0,0,0,0,0,0.0,0,0,0,0,0,0.0,3,213,0.111,0.111,0.0,34333333.3333,0,0,0,0,0,0.0,0,0,0,0,0,0.0,0,0,0,0,0,0.0,0,0,0,0,0,0.0,0,0,0,0,0,0.0,0,0,0,0,0,0.0,2,267,0.107,0.107,0.0,60500000.0,0,0,0,0,0,0.0,0,0,0,0,0,0.0,0,0,0.0,0.0,0.0,0.0,1,20,0.0,0.0,0,0.0,1,20,0.0,0.0,0,0.0,13,3133,0.023,0.0200833333333,1.17424242424e-06,307692.307692,2,40,0.2,0.2,0,0.0,2,40,0.199,0.199,0,-500000.0,0,0,0,0,0,0.0,3,1089,0.1,0.0995,5.00000000001e-07,6333333.33333,3,16194,0.1,0.1,3.94430452611e-31,6000000.0,3,40218,0.1,0.1,3.94430452611e-31,6000000.0,0,0,0,0,0,0.0,3,225,0.1,0.0995,5.00000000001e-07,6333333.33333,9,1268,0.043,0.0165,0.000258285714286,0.0,50,49174,0.02,0.00491836734694,3.93681972789e-05,0.0,0,0,-3.92438022523e-06,5.00679655486e-05,-4.1148859248e-05,-0.109318869174,-3.40776523879e-05,0.140123727265,-0.000376654105898,-0.000894457664847,4.12426856125e-05,4.73683616455e-05,5.87384446815e-05,-4.12163321543e-05,4.91080433118e-06,0.0,0.0,0.0,0.0,0.0,0.0,0.0,0.0,0.0,0.0,0.0,0.0,0.0,-0.00119339579362,0.0102513251318,-1.8153233464e-05,-0.0934686803828,0.000112611062282,0.0897379631109,-0.00633433785506,-0.00842059292791,0.00963127377012,0.0182610753482,0.0425354146394,-0.0412847247393,-3.77478983975e-05,0,0,0,0,9223372036854775807,0,9223372036854775807,0,9223372036854775807,0,9223372036854775807,0,9223372036854775807,0,9223372036854775807,0.0,0.0,9.22337203685e+18,0.0,9.22337203685e+18,0.0,9.22337203685e+18,0.0,9.22337203685e+18,0.0,9.22337203685e+18,0.0,9.22337203685e+18,0.0,0.0,9.22337203685e+18,0.0,9.22337203685e+18,0.0,9.22337203685e+18,0.0,9.22337203685e+18,0.0,9.22337203685e+18,0.0,9.22337203685e+18,0.0,0.0,9.22337203685e+18,0.0,9.22337203685e+18,0.0,9.22337203685e+18,0.0,9.22337203685e+18,0.0,9.22337203685e+18,0.0,9.22337203685e+18,0,0,9223372036854775807,0,9223372036854775807,0,9223372036854775807,0,9223372036854775807,0,9223372036854775807,0,9223372036854775807,0,9223372036854775807,0,9223372036854775807,0,9223372036854775807,0,9223372036854775807,0,9223372036854775807,0,9223372036854775807,0,9223372036854775807,0,9223372036854775807,0,9223372036854775807,0,9223372036854775807,0,9223372036854775807,0,9223372036854775807,0,9223372036854775807,0,9223372036854775807,0,9223372036854775807,0,9223372036854775807,0,0,0,0,9223372036854775807,9223372036854775807,9223372036854775807,0,0,0,0,0,0,0,0,0,0,0,0,0,1,0,2,0,0,0,0,0,0,0,0,0,0,0,0,0,0,0,0,0,0,2,5,102,0,0,0,0,0,0,0,0,0,0,0,0,0,0,0,0,0,0,0,0,0,0,0,0,0,0,0,0,0,0,0,0,0,0,0,0,0,0,0,0,0,0,0,0,0,0,0,0,0,0,0,0,0,0,0,0,0,0,0,0,0,0,0,0,0,0,0,0,0,0,0,0,0,0,0,1,0,4,1,0,7,0,0,0,0,0,0,0,0,0,0,0,0,0,0,0,0,0,0,0,0,0,0,0,0,1,0,7,1,0,5,0,0,0,0,0,0,0,0,0,0,0,0,0,0,0,0,0,0,0,0,0,0,0,0,1,0,7,0,0,0,0,0,0,0,0,0,0,0,0,0,0,0,0,0,0,0,0,0,0,0,0,0,0,0,0,0,0,0,0,0,0,0,0,0,0,0,0,0,0,0,0,0,0,0,0,0,0,0,0,0,0,0,0,0,0,0,0,0,0,0,0,0,0,0,0,0,0,0,0,0,0,0,0,0,0,0,0,0,0,0,0,0,0,0,0,0,0,0,0,0,0,0,0,1,0,10,0,0,0,0,0,0,0,0,0,0,0,0,0,0,0
2,40,0.199,0.199,0.0,0.0,13,6994,0.021,0.0198333333333,1.42424242424e-06,-230769.230769,251,2008,0.005,0.001,4.65863453815e-07,0.0,3,144,0.1,0.1,3.94430452611e-31,0.0,0,0,0,0,0,0.0,1,20,0.0,0.0,0.0,1000000.0,267,161535,0.036,0.000894736842105,2.65851042701e-05,0.0,0,0,0,0,0,0.0,0,0,0,0,0,0.0,1,20,0.0,0.0,0.0,0.0,1,326,0.0,0.0,0,0.0,12,7080,0.023,0.02,2.8e-06,250000.0,0,0,0,0,0,0.0,0,0,0,0,0,0.0,2,746,0.001,0.001,0.0,171500000.0,3,27661,0.109,0.1035,6.05e-05,171333333.333,0,0,0,0,0,0.0,0,0,0,0,0,0.0,0,0,0,0,0,0.0,0,0,0,0,0,0.0,3,407,0.1,0.099,2e-06,200333333.333,0,0,0,0,0,0.0,0,0,0,0,0,0.0,0,0,0.0,0.0,0,0.0,3,144,0.101,0.1005,5e-07,0.0,12,8616,0.025,0.02,5.4e-06,-83333.3333333,0,0,0,0,0,0.0,0,0,0,0,0,0.0,0,0,0,0,0,0.0,1,71,0.0,0.0,0.0,-1000000.0,0,0,0,0,0,0.0,0,0,0,0,0,0.0,0,0,0,0,0,0.0,0,0,0,0,0,0.0,0,0,0,0,0,0.0,0,0,0,0,0,0.0,0,0,0,0,0,0.0,0,0,0.0,0.0,0,0.0,1,72,0.0,0.0,0.0,1000000.0,0,0,0,0,0,0.0,0,0,0,0,0,0.0,0,0,0,0,0,0.0,0,0,0,0,0,0.0,0,0,0,0,0,0.0,0,0,0,0,0,0.0,0,0,0,0,0,0.0,0,0,0,0,0,0.0,2,40,0.2,0.2,0.0,0.0,1,668,0.0,0.0,0,0.0,0,0,0,0,0,0.0,0,0,0,0,0,0.0,0,0,0,0,0,0.0,0,0,0,0,0,0.0,0,0,0,0,0,0.0,0,0,0,0,0,0.0,0,0,0,0,0,0.0,0,0,0,0,0,0.0,1,20,0.0,0.0,0.0,0.0,0,0,0,0,0,0.0,0,0,0,0,0,0.0,2,13050,0.12,0.12,0.0,31000000.0,0,0,0,0,0,0.0,0,0,0,0,0,0.0,0,0,0,0,0,0.0,0,0,0,0,0,0.0,0,0,0,0,0,0.0,0,0,0,0,0,0.0,2,17728,0.12,0.12,0.0,9000000.0,0,0,0,0,0,0.0,0,0,0,0,0,0.0,0,0,0,0,0,0.0,0,0,0,0,0,0.0,2,142,0.119,0.119,0.0,30500000.0,0,0,0,0,0,0.0,0,0,0,0,0,0.0,0,0,0,0,0,0.0,0,0,0,0,0,0.0,0,0,0,0,0,0.0,0,0,0,0,0,0.0,3,406,0.114,0.11,3.2e-05,58000000.0,0,0,0,0,0,0.0,0,0,0,0,0,0.0,22,4190,0.005,0.000285714285714,1.21428571429e-06,0.0,2,40,0.193,0.193,0,3000000.0,1,20,0.0,0.0,0,2000000.0,12,2892,0.025,0.02,5.2e-06,500000.0,1,20,0.0,0.0,0,0.0,2,40,0.201,0.201,0,-500000.0,0,0,0,0,0,0.0,2,726,0.103,0.103,0.0,6500000.0,2,10796,0.103,0.103,0.0,6500000.0,2,26812,0.103,0.103,0.0,6500000.0,0,0,0,0,0,0.0,2,150,0.103,0.103,0.0,6500000.0,22,3235,0.033,0.00861904761905,8.37476190476e-05,0.0,46,46606,0.02,0.005,3.72727272727e-05,0.0,0,0,-3.93889889061e-06,5.03033402035e-05,-4.1519653851e-05,-0.131689150634,-3.40328730895e-05,0.161599412028,-0.000376684260764,-0.000894465565999,4.12428982646e-05,4.73705500452e-05,5.87373711394e-05,-4.12164047449e-05,4.91007502657e-06,0.0,0.0,0.0,0.0,0.0,0.0,0.0,0.0,0.0,0.0,0.0,0.0,0.0,-0.00120792444689,0.0102631172981,-1.81529715466e-05,-0.093031389617,0.000112287936109,0.0904682598362,-0.00636635819992,-0.00842902165559,0.00963124689617,0.0182631007697,0.0425342348778,-0.041284724655,-3.84914042387e-05,0,0,0,0,9223372036854775807,0,9223372036854775807,0,9223372036854775807,0,9223372036854775807,0,9223372036854775807,0,9223372036854775807,6.0,10.3999996185,0.0,6.07999992371,5.55265694745,10469376.0,10469376.0,10469376.0,0.0,486219776.0,486219776.0,486219776.0,0.0,6.0,10.5,0.0,6.1,5.57942648015,15544320.0,15544320.0,15544320.0,0.0,472285184.0,472285184.0,472285184.0,0.0,11.0,30.7999992371,10.3000001907,16.2199998856,8.95527743141,68173824.0,68173824.0,68173824.0,0.0,962248704.0,962248704.0,962248704.0,0.0,0,0,9223372036854775807,0,9223372036854775807,0,9223372036854775807,0,9223372036854775807,0,9223372036854775807,0,9223372036854775807,0,9223372036854775807,0,9223372036854775807,0,9223372036854775807,0,9223372036854775807,0,9223372036854775807,0,9223372036854775807,0,9223372036854775807,0,9223372036854775807,0,9223372036854775807,0,9223372036854775807,0,9223372036854775807,0,9223372036854775807,0,9223372036854775807,0,9223372036854775807,0,9223372036854775807,0,9223372036854775807,0,0,0,0,9223372036854775807,9223372036854775807,9223372036854775807,0,0,0,0,1,0,50,0,0,0,0,0,0,0,0,0,0,0,0,0,0,0,0,0,0,0,0,0,0,0,0,0,0,0,0,0,0,0,0,0,0,0,0,0,0,0,0,0,0,0,0,0,0,0,0,0,0,0,0,0,0,0,0,0,0,0,0,0,0,0,0,0,0,0,0,0,0,0,0,0,0,0,0,0,0,0,0,0,0,0,0,0,0,0,0,0,0,0,0,0,0,0,0,0,0,0,0,0,0,0,0,0,0,0,0,0,0,0,0,0,0,0,0,0,0,0,0,0,0,0,0,0,0,0,0,0,0,0,0,0,0,0,0,0,0,0,0,0,0,0,0,0,0,0,0,0,0,0,0,0,0,0,0,0,0,0,0,0,0,0,0,0,0,0,0,0,0,0,0,0,0,1,0,10,0,0,0,0,0,0,0,0,0,0,0,0,0,0,0,0,0,0,1,0,10,0,0,0,0,0,0,0,0,0,0,0,0,1,0,13,0,0,0,0,0,0,0,0,0,0,0,0,0,0,0,0,0,0,1,0,13,0,0,0,0,0,0,0,0,0,1,0,7,1,0,7,2,0,103,1,0,7,1,0,7,0,0,0,1,0,11,1,0,11,1,0,11,0,0,0,1,0,11,0,0,0,7,0,360
1,20,0.0,0.0,0.0,1000000.0,12,6456,0.023,0.0199090909091,1.89090909091e-06,-333333.333333,251,2008,0.005,0.001,5.30120481928e-07,0.0,2,96,0.1,0.1,0.0,0.0,0,0,0,0,0,0.0,2,40,0.198,0.198,0.0,-1000000.0,234,141570,0.038,0.000841201716738,2.61858813083e-05,0.0,0,0,0,0,0,0.0,0,0,0,0,0,0.0,2,40,0.193,0.193,0.0,0.0,0,0,0.0,0.0,0,0.0,13,7670,0.023,0.0204166666667,2.44696969697e-06,692307.692308,0,0,0,0,0,0.0,0,0,0,0,0,0.0,4,1492,0.078,0.026,0.002028,153500000.0,3,27751,0.105,0.091,0.000392,159666666.667,0,0,0,0,0,0.0,0,0,0,0,0,0.0,0,0,0,0,0,0.0,0,0,0,0,0,0.0,2,270,0.082,0.082,0.0,193500000.0,0,0,0,0,0,0.0,0,0,0,0,0,0.0,0,0,0.0,0.0,0,0.0,2,96,0.1,0.1,0.0,0.0,13,9334,0.022,0.0198333333333,1.06060606061e-06,-230769.230769,0,0,0,0,0,0.0,0,0,0,0,0,0.0,0,0,0,0,0,0.0,1,71,0.0,0.0,0.0,0.0,0,0,0,0,0,0.0,0,0,0,0,0,0.0,0,0,0,0,0,0.0,0,0,0,0,0,0.0,0,0,0,0,0,0.0,0,0,0,0,0,0.0,0,0,0,0,0,0.0,1,670,0.0,0.0,0,-1000000.0,1,72,0.0,0.0,0.0,-1000000.0,0,0,0,0,0,0.0,0,0,0,0,0,0.0,0,0,0,0,0,0.0,0,0,0,0,0,0.0,0,0,0,0,0,0.0,0,0,0,0,0,0.0,0,0,0,0,0,0.0,0,0,0,0,0,0.0,1,20,0.0,0.0,0.0,0.0,1,668,0.0,0.0,0,0.0,0,0,0,0,0,0.0,0,0,0,0,0,0.0,0,0,0,0,0,0.0,0,0,0,0,0,0.0,0,0,0,0,0,0.0,0,0,0,0,0,0.0,0,0,0,0,0,0.0,0,0,0,0,0,0.0,1,20,0.0,0.0,0.0,3000000.0,0,0,0,0,0,0.0,0,0,0,0,0,0.0,2,13050,0.118,0.118,0.0,40000000.0,0,0,0,0,0,0.0,0,0,0,0,0,0.0,0,0,0,0,0,0.0,0,0,0,0,0,0.0,0,0,0,0,0,0.0,0,0,0,0,0,0.0,2,17728,0.119,0.119,0.0,8500000.0,0,0,0,0,0,0.0,0,0,0,0,0,0.0,0,0,0,0,0,0.0,0,0,0,0,0,0.0,2,142,0.12,0.12,0.0,39000000.0,0,0,0,0,0,0.0,0,0,0,0,0,0.0,0,0,0,0,0,0.0,0,0,0,0,0,0.0,0,0,0,0,0,0.0,0,0,0,0,0,0.0,2,276,0.114,0.114,0.0,68000000.0,0,0,0,0,0,0.0,0,0,0,0,0,0.0,0,0,0.0,0.0,0.0,0.0,1,20,0.0,0.0,0,1000000.0,1,20,0.0,0.0,0,0.0,13,3133,0.022,0.0198333333333,1.9696969697e-06,76923.0769231,1,20,0.0,0.0,0,0.0,1,20,0.0,0.0,0,0.0,0,0,0,0,0,0.0,3,1089,0.099,0.0985,5e-07,6333333.33333,3,16194,0.099,0.0985,5e-07,6333333.33333,3,40218,0.099,0.0985,5e-07,6333333.33333,0,0,0,0,0,0.0,3,225,0.099,0.0985,5e-07,6333333.33333,11,1588,0.069,0.02,0.000377333333333,0.0,47,45199,0.02,0.00521739130435,3.71072463768e-05,0.0,0,0,-3.95486452653e-06,8.38399465692e-05,-4.18795289363e-05,-0.155809002992,-3.40030265651e-05,0.185067496023,-0.000376719630739,-0.00089447444245,4.12432517578e-05,4.73727606876e-05,5.87359792634e-05,-4.12165105724e-05,4.90927870089e-06,0.0,0.0,0.0,0.0,0.0,0.0,0.0,0.0,0.0,0.0,0.0,0.0,0.0,-0.00122386795391,0.0102794442498,-1.81526681313e-05,-0.0926048212984,0.000111917943132,0.0912994421694,-0.00640446479333,-0.00843861846753,0.00963115566618,0.0182650242146,0.0425329212656,-0.0412847003639,-3.92994080992e-05,0,0,0,0,9223372036854775807,0,9223372036854775807,0,9223372036854775807,0,9223372036854775807,0,9223372036854775807,0,9223372036854775807,0.0,0.0,9.22337203685e+18,0.0,9.22337203685e+18,0.0,9.22337203685e+18,0.0,9.22337203685e+18,0.0,9.22337203685e+18,0.0,9.22337203685e+18,0.0,0.0,9.22337203685e+18,0.0,9.22337203685e+18,0.0,9.22337203685e+18,0.0,9.22337203685e+18,0.0,9.22337203685e+18,0.0,9.22337203685e+18,0.0,0.0,9.22337203685e+18,0.0,9.22337203685e+18,0.0,9.22337203685e+18,0.0,9.22337203685e+18,0.0,9.22337203685e+18,0.0,9.22337203685e+18,0,0,9223372036854775807,0,9223372036854775807,0,9223372036854775807,0,9223372036854775807,0,9223372036854775807,0,9223372036854775807,0,9223372036854775807,0,9223372036854775807,0,9223372036854775807,0,9223372036854775807,0,9223372036854775807,0,9223372036854775807,0,9223372036854775807,0,9223372036854775807,0,9223372036854775807,0,9223372036854775807,0,9223372036854775807,0,9223372036854775807,0,9223372036854775807,0,9223372036854775807,0,9223372036854775807,0,9223372036854775807,0,0,0,0,9223372036854775807,9223372036854775807,9223372036854775807,0,0,0,0,0,0,0,0,0,0,0,0,0,0,0,0,1,0,6,0,0,0,0,0,0,0,0,0,1,0,5,0,0,0,1,0,51,0,0,0,0,0,0,1,0,12,1,0,10,0,0,0,0,0,0,0,0,0,0,0,0,1,0,10,0,0,0,0,0,0,0,0,0,0,0,0,2,0,93,0,0,0,0,0,0,0,0,0,0,0,0,0,0,0,0,0,0,0,0,0,0,0,0,0,0,0,0,0,0,0,0,0,0,0,0,0,0,0,0,0,0,0,0,0,0,0,0,0,0,0,0,0,0,0,0,0,0,0,0,0,0,0,0,0,0,0,0,0,0,0,0,0,0,0,0,0,0,0,0,0,0,0,0,0,0,0,0,0,0,0,0,0,0,0,0,0,0,0,0,0,0,0,0,0,0,0,0,0,0,0,0,0,0,0,0,0,0,0,0,0,0,0,0,0,0,0,0,0,0,0,0,0,0,0,0,0,0,0,0,0,0,0,0,0,0,0,0,0,0,0,0,0,0,0,0,0,0,0,0,0,0,0,0,0,0,0,0,0,0,0,0,0,0,0,0,0,0,0,0,0,0,0,0,0,0,0,0,0,0,0,0,0,0,0,0,0,0,0,0,0,0,0,0,0,0,0,3,0,174
1,20,0.0,0.0,0.0,0.0,13,6994,0.031,0.02,2.34545454545e-05,-1153846.15385,251,2008,0.014,0.000996,2.06825702811e-06,0.0,3,144,0.101,0.0995,4.5e-06,0.0,0,0,0,0,0,0.0,1,20,0.0,0.0,0.0,0.0,239,144595,0.036,0.000852941176471,2.4826383718e-05,0.0,0,0,0,0,0,0.0,0,0,0,0,0,0.0,1,20,0.0,0.0,0.0,0.0,1,326,0.0,0.0,0,0.0,12,7080,0.021,0.0198181818182,9.63636363636e-07,-166666.666667,0,0,0,0,0,0.0,0,0,0,0,0,0.0,2,746,0.0,0.0,0.0,156000000.0,2,18533,0.094,0.094,0.0,163500000.0,0,0,0,0,0,0.0,0,0,0,0,0,0.0,0,0,0,0,0,0.0,0,0,0,0,0,0.0,3,387,0.1,0.0955,4.05e-05,186666666.667,0,0,0,0,0,0.0,0,0,0,0,0,0.0,0,0,0.0,0.0,0,0.0,3,144,0.105,0.0995,6.05e-05,0.0,12,8616,0.027,0.0208181818182,5.76363636364e-06,1083333.33333,0,0,0,0,0,0.0,0,0,0,0,0,0.0,0,0,0,0,0,0.0,2,142,0.199,0.199,0.0,-500000.0,0,0,0,0,0,0.0,0,0,0,0,0,0.0,0,0,0,0,0,0.0,0,0,0,0,0,0.0,0,0,0,0,0,0.0,0,0,0,0,0,0.0,0,0,0,0,0,0.0,1,670,0.0,0.0,0,0.0,2,144,0.201,0.201,0.0,-500000.0,0,0,0,0,0,0.0,0,0,0,0,0,0.0,0,0,0,0,0,0.0,0,0,0,0,0,0.0,0,0,0,0,0,0.0,0,0,0,0,0,0.0,0,0,0,0,0,0.0,0,0,0,0,0,0.0,1,20,0.0,0.0,0.0,0.0,1,668,0.0,0.0,0,0.0,0,0,0,0,0,0.0,0,0,0,0,0,0.0,0,0,0,0,0,0.0,0,0,0,0,0,0.0,0,0,0,0,0,0.0,0,0,0,0,0,0.0,0,0,0,0,0,0.0,0,0,0,0,0,0.0,2,40,0.2,0.2,0.0,0.0,0,0,0,0,0,0.0,0,0,0,0,0,0.0,2,13050,0.108,0.108,0.0,37000000.0,0,0,0,0,0,0.0,0,0,0,0,0,0.0,0,0,0,0,0,0.0,0,0,0,0,0,0.0,0,0,0,0,0,0.0,0,0,0,0,0,0.0,2,17728,0.115,0.115,0.0,13500000.0,0,0,0,0,0,0.0,0,0,0,0,0,0.0,0,0,0,0,0,0.0,0,0,0,0,0,0.0,2,142,0.108,0.108,0.0,37000000.0,0,0,0,0,0,0.0,0,0,0,0,0,0.0,0,0,0,0,0,0.0,0,0,0,0,0,0.0,0,0,0,0,0,0.0,0,0,0,0,0,0.0,2,270,0.108,0.108,0.0,62000000.0,0,0,0,0,0,0.0,0,0,0,0,0,0.0,10,1913,0.0,0.0,0.0,0.0,1,20,0.0,0.0,0,-1000000.0,2,40,0.199,0.199,0,-4500000.0,12,2892,0.029,0.0206363636364,9.25454545455e-06,1083333.33333,1,20,0.0,0.0,0,0.0,1,20,0.0,0.0,0,0.0,0,0,0,0,0,0.0,2,726,0.099,0.099,0.0,6000000.0,2,10796,0.107,0.107,0.0,2000000.0,2,26812,0.099,0.099,0.0,6000000.0,0,0,0,0,0,0.0,2,150,0.099,0.099,0.0,6000000.0,10,1447,0.088,0.0237777777778,0.00101694444444,0.0,44,43956,0.027,0.00544186046512,5.0919158361e-05,0.0,0,0,-3.96974030004e-06,8.40260463137e-05,-4.21724903266e-05,-0.177978766467,-3.39895180215e-05,0.206925707345,-0.00037675398178,-0.000894483057726,4.12435937953e-05,4.73744657752e-05,5.87343158855e-05,-4.12168056954e-05,4.90854707369e-06,0.0,0.0,0.0,0.0,0.0,0.0,0.0,0.0,0.0,0.0,0.0,0.0,0.0,-0.00123861270699,0.0102939688589,-1.81523884972e-05,-0.0922630596191,0.000111569253106,0.0920991846611,-0.00644402141339,-0.00844772330778,0.00963035365656,0.0182660044096,0.0425321415417,-0.0412847001484,-4.00340597025e-05,0,0,0,0,9223372036854775807,0,9223372036854775807,0,9223372036854775807,0,9223372036854775807,0,9223372036854775807,0,9223372036854775807,6.0,10.3999996185,0.0,3.57999992371,5.00819315714,10469376.0,10469376.0,10469376.0,0.0,486219776.0,486219776.0,486219776.0,0.0,0.0,0.0,9.22337203685e+18,0.0,9.22337203685e+18,0.0,9.22337203685e+18,0.0,9.22337203685e+18,0.0,9.22337203685e+18,0.0,9.22337203685e+18,0.0,0.0,9.22337203685e+18,0.0,9.22337203685e+18,0.0,9.22337203685e+18,0.0,9.22337203685e+18,0.0,9.22337203685e+18,0.0,9.22337203685e+18,0,0,9223372036854775807,0,9223372036854775807,0,9223372036854775807,0,9223372036854775807,0,9223372036854775807,0,9223372036854775807,0,9223372036854775807,0,9223372036854775807,0,9223372036854775807,0,9223372036854775807,0,9223372036854775807,0,9223372036854775807,0,9223372036854775807,0,9223372036854775807,0,9223372036854775807,0,9223372036854775807,0,9223372036854775807,0,9223372036854775807,0,9223372036854775807,0,9223372036854775807,0,9223372036854775807,0,9223372036854775807,0,0,0,0,9223372036854775807,9223372036854775807,9223372036854775807,0,2,0,12,0,0,0,0,0,0,2,0,21,0,0,0,0,0,0,0,0,0,0,0,0,0,0,0,0,0,0,0,0,0,0,0,0,0,0,0,0,0,0,0,0,0,0,0,0,0,0,0,0,0,0,0,0,0,0,0,0,0,0,0,0,0,0,0,0,0,0,0,0,2,0,20,0,0,0,0,0,0,0,0,0,0,0,0,1,0,6,0,0,0,0,0,0,0,0,0,0,0,0,0,0,0,0,0,0,0,0,0,0,0,0,0,0,0,0,0,0,0,0,0,0,0,0,0,0,0,0,0,0,0,0,0,0,0,0,0,0,0,0,0,0,0,0,0,0,0,0,0,0,0,0,0,0,0,0,0,0,0,0,0,0,0,0,0,0,0,0,0,0,0,0,0,0,0,0,0,0,0,0,0,0,0,0,0,0,0,0,0,0,0,0,0,0,0,0,0,0,0,0,0,0,0,0,0,0,0,0,0,0,0,0,0,0,0,0,0,0,0,0,0,0,0,0,0,0,0,0,0,0,0,0,0,0,0,0,0,0,0,0,0,0,0,0,1,0,52,0,0,0,0,0,0,0,0,0,0,0,0,0,0,0,0,0,0,0,0,0,0,0,0,0,0,0,0,0,0,0,0,0,0,0,0,2,0,43
1,20,0.0,0.0,0.0,0.0,12,6456,0.023,0.02,1.2e-06,-500000.0,245,1960,0.005,0.00100409836066,9.01217702219e-07,0.0,2,96,0.099,0.099,0.0,0.0,1,574,0,0,0,-2000000.0,1,20,0.0,0.0,0.0,1000000.0,279,168795,0.04,0.000859712230216,2.72907176064e-05,0.0,0,0,0,0,0,0.0,0,0,0,0,0,0.0,1,20,0.0,0.0,0.0,0.0,1,326,0.0,0.0,0,0.0,12,7080,0.024,0.0200909090909,5.29090909091e-06,83333.3333333,0,0,0,0,0,0.0,0,0,0,0,0,0.0,2,746,0.0,0.0,0.0,164000000.0,3,27823,0.102,0.0965,6.05e-05,166333333.333,0,0,0,0,0,0.0,0,0,0,0,0,0.0,0,0,0,0,0,0.0,0,0,0,0,0,0.0,2,277,0.109,0.109,0.0,202000000.0,0,0,0,0,0,0.0,0,0,0,0,0,0.0,0,0,0.0,0.0,0,0.0,2,96,0.099,0.099,0.0,0.0,13,9334,0.023,0.0199166666667,4.44696969697e-06,153846.153846,0,0,0,0,0,0.0,0,0,0,0,0,0.0,0,0,0,0,0,0.0,1,71,0.0,0.0,0.0,-2000000.0,0,0,0,0,0,0.0,0,0,0,0,0,0.0,0,0,0,0,0,0.0,0,0,0,0,0,0.0,0,0,0,0,0,0.0,0,0,0,0,0,0.0,0,0,0,0,0,0.0,0,0,0.0,0.0,0,0.0,1,72,0.0,0.0,0.0,0.0,0,0,0,0,0,0.0,0,0,0,0,0,0.0,0,0,0,0,0,0.0,0,0,0,0,0,0.0,0,0,0,0,0,0.0,0,0,0,0,0,0.0,0,0,0,0,0,0.0,0,0,0,0,0,0.0,1,20,0.0,0.0,0.0,1000000.0,1,668,0.0,0.0,0,0.0,0,0,0,0,0,0.0,0,0,0,0,0,0.0,0,0,0,0,0,0.0,0,0,0,0,0,0.0,0,0,0,0,0,0.0,0,0,0,0,0,0.0,0,0,0,0,0,0.0,0,0,0,0,0,0.0,1,20,0.0,0.0,0.0,0.0,0,0,0,0,0,0.0,0,0,0,0,0,0.0,2,13050,0.125,0.125,0.0,38500000.0,0,0,0,0,0,0.0,0,0,0,0,0,0.0,0,0,0,0,0,0.0,0,0,0,0,0,0.0,0,0,0,0,0,0.0,0,0,0,0,0,0.0,2,17728,0.121,0.121,0.0,10500000.0,0,0,0,0,0,0.0,0,0,0,0,0,0.0,0,0,0,0,0,0.0,0,0,0,0,0,0.0,2,142,0.127,0.127,0.0,37500000.0,0,0,0,0,0,0.0,0,0,0,0,0,0.0,0,0,0,0,0,0.0,0,0,0,0,0,0.0,0,0,0,0,0,0.0,0,0,0,0,0,0.0,2,270,0.12,0.12,0.0,62000000.0,0,0,0,0,0,0.0,0,0,0,0,0,0.0,21,3995,0.000999999999999,5e-05,4.99999999999e-08,0.0,1,20,0.0,0.0,0,0.0,1,20,0.0,0.0,0,1000000.0,12,2892,0.024,0.0201818181818,6.56363636364e-06,833333.333333,2,40,0.199,0.199,0,-500000.000001,1,20,0.0,0.0,0,0.0,0,0,0,0,0,0.0,3,1089,0.1,0.0975,1.25e-05,5000000.0,3,16194,0.1,0.0975,1.25e-05,3333333.33333,3,40218,0.1,0.0975,1.25e-05,5000000.0,0,0,0,0,0,0.0,3,225,0.1,0.0975,1.25e-05,5000000.0,11,1423,0.061,0.0195,0.000394277777778,0.0,47,45468,0.024,0.00502173913043,4.26439613527e-05,0.0,0,0,-3.98476794494e-06,8.42365934188e-05,-4.24290643375e-05,-0.200069075113,-3.42979022196e-05,0.2289801831,-0.000376793940347,-0.000894491976903,4.12432056676e-05,4.73755536072e-05,5.87335335274e-05,-4.12169125792e-05,4.907827587e-06,0.0,0.0,0.0,0.0,0.0,0.0,0.0,0.0,0.0,0.0,0.0,0.0,0.0,-0.00125365827754,0.0103113022459,-1.81520878527e-05,-0.0919638113472,0.000111200647084,0.0929371193266,-0.00648593182825,-0.00845708456403,0.00962968741242,0.0182669185943,0.0425312614852,-0.041284705117,-4.07673429763e-05,0,0,0,0,9223372036854775807,0,9223372036854775807,0,9223372036854775807,0,9223372036854775807,0,9223372036854775807,0,9223372036854775807,6.0,16.2000007629,0.0,7.48000030518,7.20950792472,10469376.0,10469376.0,10469376.0,0.0,486219776.0,486219776.0,486219776.0,0.0,0.0,0.0,9.22337203685e+18,0.0,9.22337203685e+18,0.0,9.22337203685e+18,0.0,9.22337203685e+18,0.0,9.22337203685e+18,0.0,9.22337203685e+18,11.0,20.5,10.0,16.0599998474,5.33788332418,68444160.0,68444160.0,68444160.0,0.0,962248704.0,962248704.0,962248704.0,0.0,0,0,9223372036854775807,0,9223372036854775807,0,9223372036854775807,0,9223372036854775807,0,9223372036854775807,0,9223372036854775807,0,9223372036854775807,0,9223372036854775807,0,9223372036854775807,0,9223372036854775807,0,9223372036854775807,0,9223372036854775807,0,9223372036854775807,0,9223372036854775807,0,9223372036854775807,0,9223372036854775807,0,9223372036854775807,0,9223372036854775807,0,9223372036854775807,0,9223372036854775807,0,9223372036854775807,0,9223372036854775807,0,0,0,0,9223372036854775807,9223372036854775807,9223372036854775807,0,0,0,0,0,0,0,0,0,0,0,0,0,0,0,0,0,0,0,0,0,0,0,0,0,0,0,0,1,0,6,1,0,3,2,3,102,0,0,0,0,0,0,0,0,0,0,0,0,0,0,0,0,0,0,0,0,0,0,0,0,0,0,0,0,0,0,0,0,0,0,0,0,0,0,0,0,0,0,0,0,0,0,0,0,0,0,0,0,0,0,0,0,0,0,0,0,0,0,0,0,0,0,0,0,0,0,0,0,0,0,0,0,0,0,1,0,5,0,0,0,0,0,0,0,0,0,0,0,0,0,0,0,0,0,0,0,0,0,0,0,0,2,0,10,0,0,0,0,0,0,0,0,0,0,0,0,0,0,0,0,0,0,0,0,0,0,0,0,0,0,0,0,0,0,0,0,0,0,0,0,0,0,0,0,0,0,0,0,0,0,0,0,0,0,0,0,0,0,0,0,0,0,0,0,0,0,0,0,0,0,0,0,0,0,0,0,0,0,0,0,0,0,0,0,0,0,0,0,0,0,0,0,0,0,0,0,0,0,0,0,0,0,0,0,0,0,0,0,0,0,0,0,0,0,0,0,0,0,0,0,0,0,0,0,0,0,0,0,0,0,3,0,32,0,0,0,0,0,0,0,0,0,0,0,0,0,0,0
2,40,0.201,0.201,0.0,500000.0,13,6994,0.024,0.02,5.45454545454e-06,-769230.769231,255,2040,0.004,0.000976377952756,2.68214496903e-07,0.0,3,144,0.101,0.1005,5.00000000001e-07,0.0,0,0,0,0,0,0.0,1,20,0.0,0.0,0.0,-4000000.0,222,134310,0.039,0.000841628959276,2.67338955162e-05,0.0,0,0,0,0,0,0.0,0,0,0,0,0,0.0,1,20,0.0,0.0,0.0,0.0,0,0,0.0,0.0,0,0.0,13,7670,0.023,0.0194166666667,6.62878787879e-06,538461.538462,0,0,0,0,0,0.0,0,0,0,0,0,0.0,2,746,0.0,0.0,0.0,147000000.0,2,18560,0.085,0.085,0.0,160500000.0,0,0,0,0,0,0.0,0,0,0,0,0,0.0,0,0,0,0,0,0.0,0,0,0,0,0,0.0,3,411,0.1,0.0965,2.45e-05,193000000.0,0,0,0,0,0,0.0,0,0,0,0,0,0.0,0,0,0.0,0.0,0,0.0,3,144,0.101,0.1005,5.00000000001e-07,0.0,12,8616,0.025,0.02,1.02e-05,416666.666667,0,0,0,0,0,0.0,0,0,0,0,0,0.0,0,0,0,0,0,0.0,1,71,0.0,0.0,0.0,0.0,0,0,0,0,0,0.0,0,0,0,0,0,0.0,0,0,0,0,0,0.0,0,0,0,0,0,0.0,0,0,0,0,0,0.0,0,0,0,0,0,0.0,0,0,0,0,0,0.0,1,700,0.0,0.0,0,-6000000.0,1,72,0.0,0.0,0.0,-6000000.0,0,0,0,0,0,0.0,0,0,0,0,0,0.0,0,0,0,0,0,0.0,0,0,0,0,0,0.0,0,0,0,0,0,0.0,0,0,0,0,0,0.0,0,0,0,0,0,0.0,0,0,0,0,0,0.0,2,40,0.2,0.2,0.0,0.0,1,668,0.0,0.0,0,0.0,0,0,0,0,0,0.0,0,0,0,0,0,0.0,0,0,0,0,0,0.0,0,0,0,0,0,0.0,0,0,0,0,0,0.0,0,0,0,0,0,0.0,0,0,0,0,0,0.0,0,0,0,0,0,0.0,1,20,0.0,0.0,0.0,-2000000.0,0,0,0,0,0,0.0,0,0,0,0,0,0.0,2,13050,0.114,0.114,0.0,40000000.0,0,0,0,0,0,0.0,0,0,0,0,0,0.0,0,0,0,0,0,0.0,0,0,0,0,0,0.0,0,0,0,0,0,0.0,0,0,0,0,0,0.0,3,26592,0.126,0.1155,0.0002205,13000000.0,0,0,0,0,0,0.0,0,0,0,0,0,0.0,0,0,0,0,0,0.0,0,0,0,0,0,0.0,2,142,0.112,0.112,0.0,37000000.0,0,0,0,0,0,0.0,0,0,0,0,0,0.0,0,0,0,0,0,0.0,0,0,0,0,0,0.0,0,0,0,0,0,0.0,0,0,0,0,0,0.0,2,288,0.107,0.107,0.0,63500000.0,0,0,0,0,0,0.0,0,0,0,0,0,0.0,0,0,0.0,0.0,0.0,0.0,2,40,0.204,0.204,0,500000.0,1,20,0.0,0.0,0,-4000000.0,13,3133,0.025,0.0194166666667,1.09924242424e-05,1615384.61538,1,20,0.0,0.0,0,0.0,2,40,0.201,0.201,0,1000000.0,0,0,0,0,0,0.0,2,726,0.108,0.108,0.0,3000000.0,2,10796,0.107,0.107,0.0,3500000.0,2,26812,0.108,0.108,0.0,3000000.0,0,0,0,0,0,0.0,2,150,0.108,0.108,0.0,3000000.0,19,2744,0.032,0.00972222222222,8.7977124183e-05,0.0,49,50312,0.025,0.00485416666667,4.27655141844e-05,0.0,0,0,-4.00138380563e-06,-5.15633185749e-05,-4.26650052523e-05,-0.223923542445,2.0042437133e-05,0.253104841059,-0.000376840173774,-0.000894501960837,4.12428918555e-05,4.73766025744e-05,5.87325635957e-05,-4.12170617916e-05,4.90704668454e-06,0.0,0.0,0.0,0.0,0.0,0.0,0.0,0.0,0.0,0.0,0.0,0.0,0.0,-0.00127030024156,0.0103319799546,-1.81517079277e-05,-0.0916894750422,0.000110779871983,0.0938886746941,-0.0065342759536,-0.00846757365555,0.00962907167664,0.01826778387,0.0425301749084,-0.0412847382518,-4.15569403045e-05,0,0,0,0,9223372036854775807,0,9223372036854775807,0,9223372036854775807,0,9223372036854775807,0,9223372036854775807,0,9223372036854775807,0.0,0.0,9.22337203685e+18,0.0,9.22337203685e+18,0.0,9.22337203685e+18,0.0,9.22337203685e+18,0.0,9.22337203685e+18,0.0,9.22337203685e+18,0.0,0.0,9.22337203685e+18,0.0,9.22337203685e+18,0.0,9.22337203685e+18,0.0,9.22337203685e+18,0.0,9.22337203685e+18,0.0,9.22337203685e+18,0.0,0.0,9.22337203685e+18,0.0,9.22337203685e+18,0.0,9.22337203685e+18,0.0,9.22337203685e+18,0.0,9.22337203685e+18,0.0,9.22337203685e+18,0,0,9223372036854775807,0,9223372036854775807,0,9223372036854775807,0,9223372036854775807,0,9223372036854775807,0,9223372036854775807,0,9223372036854775807,0,9223372036854775807,0,9223372036854775807,0,9223372036854775807,0,9223372036854775807,0,9223372036854775807,0,9223372036854775807,0,9223372036854775807,0,9223372036854775807,0,9223372036854775807,0,9223372036854775807,0,9223372036854775807,0,9223372036854775807,0,9223372036854775807,0,9223372036854775807,0,9223372036854775807,0,0,0,0,9223372036854775807,9223372036854775807,9223372036854775807,0,0,0,0,1,0,51,0,0,0,0,0,0,0,0,0,0,0,0,1,0,2003,0,0,0,0,0,0,0,0,0,0,0,0,0,0,0,0,0,0,0,0,0,0,0,0,0,0,0,0,0,0,0,0,0,0,0,0,0,0,0,0,0,0,0,0,0,0,0,0,0,0,0,0,0,0,1,0,41,0,0,0,0,0,0,0,0,0,0,0,0,0,0,0,0,0,0,0,0,0,0,0,0,0,0,0,0,0,0,0,0,0,1,0,3,0,0,0,0,0,0,0,0,0,0,0,0,0,0,0,0,0,0,0,0,0,0,0,0,0,0,0,0,0,0,1,0,5,0,0,0,0,0,0,0,0,0,0,0,0,0,0,0,0,0,0,0,0,0,0,0,0,1,0,6,0,0,0,0,0,0,0,0,0,0,0,0,0,0,0,0,0,0,0,0,0,0,0,0,0,0,0,1,0,9,0,0,0,0,0,0,0,0,0,0,0,0,0,0,0,0,0,0,0,0,0,0,0,0,0,0,0,0,0,0,0,0,0,0,0,0,0,0,0,0,0,0,0,0,0,1,0,5,0,0,0,2,0,102,0,0,0,1,0,5,0,0,0,1,0,11,0,0,0,0,0,0,0,0,0,0,0,0,0,0,0,6,0,342
1,20,0.0,0.0,0.0,1000000.0,12,6456,0.024,0.02,6.2e-06,-583333.333333,251,2008,0.01,0.001,1.14859437751e-06,0.0,2,96,0.103,0.103,0.0,0.0,0,0,0,0,0,0.0,2,40,0.198,0.198,0.0,500000.0,274,165770,0.051,0.000860805860806,3.02232008188e-05,0.0,0,0,0,0,0,0.0,0,0,0,0,0,0.0,2,40,0.199,0.199,0.0,500000.0,1,278,0.0,0.0,0,0.0,13,7670,0.025,0.02,1.12727272727e-05,-230769.23077,0,0,0,0,0,0.0,0,0,0,0,0,0.0,6,2238,0.102,0.0382,0.0027572,161666666.667,3,27899,0.101,0.099,8.00000000001e-06,169333333.333,0,0,0,0,0,0.0,0,0,0,0,0,0.0,0,0,0,0,0,0.0,0,0,0,0,0,0.0,3,406,0.097,0.0935,2.45e-05,197333333.333,0,0,0,0,0,0.0,0,0,0,0,0,0.0,0,0,0.0,0.0,0,0.0,2,96,0.103,0.103,0.0,0.0,13,9334,0.028,0.02,2.12727272727e-05,-1384615.38462,0,0,0,0,0,0.0,0,0,0,0,0,0.0,0,0,0,0,0,0.0,1,71,0.0,0.0,0.0,0.0,0,0,0,0,0,0.0,0,0,0,0,0,0.0,0,0,0,0,0,0.0,0,0,0,0,0,0.0,0,0,0,0,0,0.0,0,0,0,0,0,0.0,0,0,0,0,0,0.0,0,0,0.0,0.0,0,0.0,1,72,0.0,0.0,0.0,0.0,0,0,0,0,0,0.0,0,0,0,0,0,0.0,0,0,0,0,0,0.0,0,0,0,0,0,0.0,0,0,0,0,0,0.0,0,0,0,0,0,0.0,0,0,0,0,0,0.0,0,0,0,0,0,0.0,1,20,0.0,0.0,0.0,0.0,1,668,0.0,0.0,0,0.0,0,0,0,0,0,0.0,0,0,0,0,0,0.0,0,0,0,0,0,0.0,0,0,0,0,0,0.0,0,0,0,0,0,0.0,0,0,0,0,0,0.0,0,0,0,0,0,0.0,0,0,0,0,0,0.0,1,20,0.0,0.0,0.0,0.0,0,0,0,0,0,0.0,0,0,0,0,0,0.0,3,19575,0.129,0.1195,0.0001805,37666666.6667,0,0,0,0,0,0.0,0,0,0,0,0,0.0,0,0,0,0,0,0.0,0,0,0,0,0,0.0,0,0,0,0,0,0.0,0,0,0,0,0,0.0,2,17728,0.116,0.116,0.0,16500000.0,0,0,0,0,0,0.0,0,0,0,0,0,0.0,0,0,0,0,0,0.0,0,0,0,0,0,0.0,3,213,0.127,0.119,0.000128,36666666.6667,0,0,0,0,0,0.0,0,0,0,0,0,0.0,0,0,0,0,0,0.0,0,0,0,0,0,0.0,0,0,0,0,0,0.0,0,0,0,0,0,0.0,2,303,0.112,0.112,0.0,58500000.0,0,0,0,0,0,0.0,0,0,0,0,0,0.0,18,3061,0.001,5.88235294118e-05,5.88235294119e-08,0.0,1,20,0.0,0.0,0,0.0,1,20,0.0,0.0,0,3000000.0,13,3133,0.025,0.02,1.25454545455e-05,76923.0769229,1,20,0.0,0.0,0,1000000.0,1,20,0.0,0.0,0,0.0,0,0,0,0,0,0.0,3,1089,0.103,0.1025,4.99999999999e-07,3333333.33333,3,16194,0.102,0.097,5e-05,-333333.333333,3,40218,0.103,0.0975,6.05e-05,-666666.666667,0,0,0,0,0,0.0,3,225,0.103,0.0975,6.05e-05,-666666.666667,17,2556,0.058,0.014875,0.000324916666667,0.0,49,47849,0.024,0.00504166666667,4.23812056738e-05,0.0,0,0,-4.01837700892e-06,5.19214302379e-05,-4.28571976627e-05,-0.247711494974,-2.17313198636e-05,0.277482665655,-0.000376889496409,-0.00089451232198,4.12427422232e-05,4.73776000174e-05,5.87313649136e-05,-4.12171763639e-05,4.90627255179e-06,0.0,0.0,0.0,0.0,0.0,0.0,0.0,0.0,0.0,0.0,0.0,0.0,0.0,-0.00128730677852,0.0103567802848,-1.81513659383e-05,-0.091467935346,0.000110336300227,0.0948856828181,-0.0065856647664,-0.0084784491787,0.00962861591028,0.0182685976855,0.042528863614,-0.0412847257071,-4.23481236329e-05,0,0,0,0,9223372036854775807,0,9223372036854775807,0,9223372036854775807,0,9223372036854775807,0,9223372036854775807,0,9223372036854775807,6.0,0.0,0.0,0.0,0.0,10469376.0,10469376.0,10469376.0,0.0,486219776.0,486219776.0,486219776.0,0.0,0.0,0.0,9.22337203685e+18,0.0,9.22337203685e+18,0.0,9.22337203685e+18,0.0,9.22337203685e+18,0.0,9.22337203685e+18,0.0,9.22337203685e+18,11.0,43.7999992371,10.3000001907,24.0,16.416048861,60395520.0,60395520.0,60395520.0,0.0,962248704.0,962248704.0,962248704.0,0.0,0,0,9223372036854775807,0,9223372036854775807,0,9223372036854775807,0,9223372036854775807,0,9223372036854775807,0,9223372036854775807,0,9223372036854775807,0,9223372036854775807,0,9223372036854775807,0,9223372036854775807,0,9223372036854775807,0,9223372036854775807,0,9223372036854775807,0,9223372036854775807,0,9223372036854775807,0,9223372036854775807,0,9223372036854775807,0,9223372036854775807,0,9223372036854775807,0,9223372036854775807,0,9223372036854775807,0,9223372036854775807,0,0,0,0,9223372036854775807,9223372036854775807,9223372036854775807,0,0,0,0,0,0,0,0,0,0,0,0,0,0,0,0,1,0,5,0,0,0,0,0,0,0,0,0,1,0,6,0,0,0,1,0,51,0,0,0,0,0,0,1,0,14,1,0,11,0,0,0,0,0,0,0,0,0,0,0,0,1,0,11,0,0,0,0,0,0,0,0,0,0,0,0,1,0,51,0,0,0,0,0,0,0,0,0,0,0,0,0,0,0,0,0,0,0,0,0,0,0,0,0,0,0,0,0,0,0,0,0,0,0,0,0,0,0,0,0,0,0,0,0,0,0,0,0,0,0,0,0,0,0,0,0,0,0,0,0,0,0,0,0,0,0,0,0,0,0,0,0,0,0,0,0,0,0,0,0,0,0,0,0,0,0,0,0,0,0,0,0,0,0,0,0,0,0,0,0,0,1,0,9,0,0,0,0,0,0,0,0,0,0,0,0,0,0,0,0,0,0,0,0,0,0,0,0,0,0,0,0,0,0,0,0,0,1,0,9,0,0,0,0,0,0,0,0,0,0,0,0,0,0,0,0,0,0,1,0,9,0,0,0,0,0,0,0,0,0,0,0,0,1,0,6,0,0,0,1,0,6,0,0,0,0,0,0,0,0,0,1,0,11,1,0,11,0,0,0,1,0,11,0,0,0,2,0,149
1,20,0.0,0.0,0.0,0.0,13,6994,0.024,0.0200833333333,3.17424242424e-06,-615384.615385,251,2008,0.007,0.001,6.18473895582e-07,0.0,3,144,0.1,0.1,0.0,0.0,0,0,0,0,0,0.0,1,20,0.0,0.0,0.0,3000000.0,232,140360,0.038,0.000835497835498,2.54771692076e-05,0.0,0,0,0,0,0,0.0,0,0,0,0,0,0.0,1,20,0.0,0.0,0.0,0.0,1,374,0.0,0.0,0,0.0,12,7080,0.03,0.0208181818182,1.21636363636e-05,416666.666667,0,0,0,0,0,0.0,0,0,0,0,0,0.0,2,746,0.0,0.0,0.0,152000000.0,3,27927,0.103,0.0965,8.45e-05,162000000.0,0,0,0,0,0,0.0,0,0,0,0,0,0.0,0,0,0,0,0,0.0,0,0,0,0,0,0.0,2,289,0.094,0.094,0.0,184000000.0,0,0,0,0,0,0.0,0,0,0,0,0,0.0,0,0,0.0,0.0,0,0.0,3,144,0.1,0.1,0.0,0.0,12,8616,0.023,0.02,4.2e-06,-83333.3333333,0,0,0,0,0,0.0,0,0,0,0,0,0.0,0,0,0,0,0,0.0,2,142,0.2,0.2,0.0,0.0,0,0,0,0,0,0.0,0,0,0,0,0,0.0,0,0,0,0,0,0.0,0,0,0,0,0,0.0,0,0,0,0,0,0.0,0,0,0,0,0,0.0,0,0,0,0,0,0.0,1,700,0.0,0.0,0,0.0,2,144,0.201,0.201,0.0,1000000.0,0,0,0,0,0,0.0,0,0,0,0,0,0.0,0,0,0,0,0,0.0,0,0,0,0,0,0.0,0,0,0,0,0,0.0,0,0,0,0,0,0.0,0,0,0,0,0,0.0,0,0,0,0,0,0.0,1,20,0.0,0.0,0.0,-1000000.0,1,668,0.0,0.0,0,0.0,0,0,0,0,0,0.0,0,0,0,0,0,0.0,0,0,0,0,0,0.0,0,0,0,0,0,0.0,0,0,0,0,0,0.0,0,0,0,0,0,0.0,0,0,0,0,0,0.0,0,0,0,0,0,0.0,2,40,0.2,0.2,0.0,0.0,0,0,0,0,0,0.0,0,0,0,0,0,0.0,2,13050,0.116,0.116,0.0,40500000.0,0,0,0,0,0,0.0,0,0,0,0,0,0.0,0,0,0,0,0,0.0,0,0,0,0,0,0.0,0,0,0,0,0,0.0,0,0,0,0,0,0.0,2,17728,0.119,0.119,0.0,14000000.0,0,0,0,0,0,0.0,0,0,0,0,0,0.0,0,0,0,0,0,0.0,0,0,0,0,0,0.0,2,142,0.115,0.115,0.0,38000000.0,0,0,0,0,0,0.0,0,0,0,0,0,0.0,0,0,0,0,0,0.0,0,0,0,0,0,0.0,0,0,0,0,0,0.0,0,0,0,0,0,0.0,3,415,0.112,0.1105,4.5e-06,69333333.3333,0,0,0,0,0,0.0,0,0,0,0,0,0.0,10,2113,0.0,0.0,0.0,0.0,1,20,0.0,0.0,0,0.0,2,40,0.208,0.208,0,3000000.0,12,2892,0.024,0.02,5.2e-06,83333.3333333,1,20,0.0,0.0,0,0.0,1,20,0.0,0.0,0,0.0,0,0,0,0,0,0.0,2,726,0.109,0.109,0.0,3000000.0,2,10796,0.109,0.109,0.0,3000000.0,2,26812,0.109,0.109,0.0,3000000.0,0,0,0,0,0,0.0,2,150,0.109,0.109,0.0,3000000.0,7,980,0.16,0.0316666666667,0.00404666666667,0.0,46,47564,0.029,0.0052,5.60272727273e-05,0.0,0,0,-4.03439819863e-06,5.23058104918e-05,-4.29957635024e-05,-0.269622502889,-2.18792932065e-05,0.300220188139,-0.000376937774306,-0.000894522149067,4.12427228902e-05,4.73784414643e-05,5.87301262875e-05,-4.12173000191e-05,4.90556260235e-06,0.0,0.0,0.0,0.0,0.0,0.0,0.0,0.0,0.0,0.0,0.0,0.0,0.0,-0.00130334096675,0.0103815994347,-1.81510404292e-05,-0.0913108764096,0.000109908317106,0.0958460357385,-0.0066358865239,-0.00848876164409,0.00962830506805,0.0182692674022,0.042527519061,-0.0412847255373,-4.30713081263e-05,0,0,0,0,9223372036854775807,0,9223372036854775807,0,9223372036854775807,0,9223372036854775807,0,9223372036854775807,0,9223372036854775807,6.0,15.5,0.0,6.01666673024,6.85898442339,10469376.0,10469376.0,10469376.0,0.0,486219776.0,486219776.0,486219776.0,0.0,0.0,0.0,9.22337203685e+18,0.0,9.22337203685e+18,0.0,9.22337203685e+18,0.0,9.22337203685e+18,0.0,9.22337203685e+18,0.0,9.22337203685e+18,0.0,0.0,9.22337203685e+18,0.0,9.22337203685e+18,0.0,9.22337203685e+18,0.0,9.22337203685e+18,0.0,9.22337203685e+18,0.0,9.22337203685e+18,0,0,9223372036854775807,0,9223372036854775807,0,9223372036854775807,0,9223372036854775807,0,9223372036854775807,0,9223372036854775807,0,9223372036854775807,0,9223372036854775807,0,9223372036854775807,0,9223372036854775807,0,9223372036854775807,0,9223372036854775807,0,9223372036854775807,0,9223372036854775807,0,9223372036854775807,0,9223372036854775807,0,9223372036854775807,0,9223372036854775807,0,9223372036854775807,0,9223372036854775807,0,9223372036854775807,0,9223372036854775807,0,0,0,0,9223372036854775807,9223372036854775807,9223372036854775807,0,0,0,0,0,0,0,0,0,0,2,0,21,0,0,0,0,0,0,0,0,0,0,0,0,0,0,0,0,0,0,0,0,0,0,0,0,0,0,0,0,0,0,0,0,0,0,0,0,0,0,0,0,0,0,0,0,0,0,0,0,0,0,0,0,0,0,0,0,0,0,0,0,2,0,22,0,0,0,0,0,0,0,0,0,0,0,0,1,0,6,0,0,0,0,0,0,0,0,0,0,0,0,0,0,0,0,0,0,0,0,0,0,0,0,0,0,0,0,0,0,0,0,0,0,0,0,0,0,0,0,0,0,0,0,0,0,0,0,0,0,0,0,0,0,0,0,0,0,0,0,0,0,0,0,0,0,0,0,0,0,0,0,0,0,0,0,0,0,0,0,0,0,0,0,0,0,0,0,0,0,0,0,0,0,0,0,0,0,0,0,0,0,0,0,0,0,0,0,0,0,0,0,0,0,0,0,0,0,0,0,0,0,0,0,0,0,0,0,0,0,0,0,0,0,0,0,0,0,0,0,0,0,0,0,0,0,0,0,0,0,0,0,0,0,0,0,1,0,49,0,0,0,0,0,0,0,0,0,0,0,0,0,0,0,0,0,0,0,0,0,0,0,0,0,0,0,0,0,0,0,0,0,0,0,0,1,0,21
1,20,0.0,0.0,0.0,1000000.0,12,6456,0.024,0.02,4e-06,-666666.666667,251,2008,0.004,0.000996,4.21670682731e-07,0.0,2,96,0.102,0.102,0.0,0.0,0,0,0,0,0,0.0,1,20,0.0,0.0,0.0,1000000.0,250,151250,0.041,0.000879518072289,2.85902642829e-05,0.0,0,0,0,0,0,0.0,0,0,0,0,0,0.0,1,20,0.0,0.0,0.0,0.0,0,0,0.0,0.0,0,0.0,13,7670,0.024,0.02,3.81818181818e-06,-461538.461538,0,0,0,0,0,0.0,0,0,0,0,0,0.0,4,1492,0.101,0.0336666666667,0.00340033333333,184500000.0,2,18609,0.1,0.1,0.0,191000000.0,0,0,0,0,0,0.0,0,0,0,0,0,0.0,0,0,0,0,0,0.0,0,0,0,0,0,0.0,3,431,0.116,0.1065,0.0001805,216333333.333,0,0,0,0,0,0.0,0,0,0,0,0,0.0,0,0,0.0,0.0,0,0.0,2,96,0.102,0.102,0.0,0.0,13,9334,0.021,0.0199166666667,4.4696969697e-07,0.0,0,0,0,0,0,0.0,0,0,0,0,0,0.0,0,0,0,0,0,0.0,1,71,0.0,0.0,0.0,0.0,0,0,0,0,0,0.0,0,0,0,0,0,0.0,0,0,0,0,0,0.0,0,0,0,0,0,0.0,0,0,0,0,0,0.0,0,0,0,0,0,0.0,0,0,0,0,0,0.0,1,700,0.0,0.0,0,0.0,1,72,0.0,0.0,0.0,0.0,0,0,0,0,0,0.0,0,0,0,0,0,0.0,0,0,0,0,0,0.0,0,0,0,0,0,0.0,0,0,0,0,0,0.0,0,0,0,0,0,0.0,0,0,0,0,0,0.0,0,0,0,0,0,0.0,1,20,0.0,0.0,0.0,0.0,1,668,0.0,0.0,0,0.0,0,0,0,0,0,0.0,0,0,0,0,0,0.0,0,0,0,0,0,0.0,0,0,0,0,0,0.0,0,0,0,0,0,0.0,0,0,0,0,0,0.0,0,0,0,0,0,0.0,0,0,0,0,0,0.0,1,20,0.0,0.0,0.0,0.0,0,0,0,0,0,0.0,0,0,0,0,0,0.0,1,6525,0.0,0.0,0.0,39000000.0,0,0,0,0,0,0.0,0,0,0,0,0,0.0,0,0,0,0,0,0.0,0,0,0,0,0,0.0,0,0,0,0,0,0.0,0,0,0,0,0,0.0,1,8864,0.0,0.0,0.0,12000000.0,0,0,0,0,0,0.0,0,0,0,0,0,0.0,0,0,0,0,0,0.0,0,0,0,0,0,0.0,1,71,0.0,0.0,0.0,38000000.0,0,0,0,0,0,0.0,0,0,0,0,0,0.0,0,0,0,0,0,0.0,0,0,0,0,0,0.0,0,0,0,0,0,0.0,0,0,0,0,0,0.0,2,299,0.114,0.114,0.0,60000000.0,0,0,0,0,0,0.0,0,0,0,0,0,0.0,0,0,0.0,0.0,0.0,0.0,1,20,0.0,0.0,0,0.0,1,20,0.0,0.0,0,0.0,13,3133,0.022,0.0199166666667,8.10606060607e-07,153846.153846,2,40,0.198,0.198,0,500000.0,1,20,0.0,0.0,0,0.0,0,0,0,0,0,0.0,3,1089,0.101,0.1005,5.00000000001e-07,2666666.66667,3,16194,0.101,0.1005,5.00000000001e-07,3000000.0,3,40218,0.1,0.1,0.0,2333333.33333,0,0,0,0,0,0.0,3,225,0.1,0.1,0.0,2333333.33333,8,1055,0.1,0.0292857142857,0.00128857142857,0.0,48,45566,0.02,0.00508510638298,3.66012950971e-05,0.0,0,0,-4.05213714494e-06,8.53460480519e-05,-4.31037785935e-05,-0.293321411622,-3.91116067551e-05,0.325117890618,-0.000376993102029,-0.000894533048457,4.12428419061e-05,4.73792928615e-05,5.87285861329e-05,-4.12174212537e-05,4.90480266713e-06,0.0,0.0,0.0,0.0,0.0,0.0,0.0,0.0,0.0,0.0,0.0,0.0,0.0,-0.00132108551511,0.0104113797825,-1.81507167156e-05,-0.0911921902333,0.00010942490578,0.0969288680966,-0.00669331903568,-0.00850020959084,0.00962810169894,0.0182699322141,0.0425258633578,-0.0412847040864,-4.38485682785e-05,0,0,0,0,9223372036854775807,0,9223372036854775807,0,9223372036854775807,0,9223372036854775807,0,9223372036854775807,0,9223372036854775807,0.0,0.0,9.22337203685e+18,0.0,9.22337203685e+18,0.0,9.22337203685e+18,0.0,9.22337203685e+18,0.0,9.22337203685e+18,0.0,9.22337203685e+18,0.0,0.0,9.22337203685e+18,0.0,9.22337203685e+18,0.0,9.22337203685e+18,0.0,9.22337203685e+18,0.0,9.22337203685e+18,0.0,9.22337203685e+18,0.0,0.0,9.22337203685e+18,0.0,9.22337203685e+18,0.0,9.22337203685e+18,0.0,9.22337203685e+18,0.0,9.22337203685e+18,0.0,9.22337203685e+18,0,0,9223372036854775807,0,9223372036854775807,0,9223372036854775807,0,9223372036854775807,0,9223372036854775807,0,9223372036854775807,0,9223372036854775807,0,9223372036854775807,0,9223372036854775807,0,9223372036854775807,0,9223372036854775807,0,9223372036854775807,0,9223372036854775807,0,9223372036854775807,0,9223372036854775807,0,9223372036854775807,0,9223372036854775807,0,9223372036854775807,0,9223372036854775807,0,9223372036854775807,0,9223372036854775807,0,9223372036854775807,0,0,0,0,9223372036854775807,9223372036854775807,9223372036854775807,0,2,0,12,0,0,0,0,0,0,0,0,0,0,0,0,0,0,0,0,0,0,0,0,0,0,0,0,0,0,0,0,0,0,2,1,102,0,0,0,0,0,0,0,0,0,0,0,0,0,0,0,0,0,0,0,0,0,0,0,0,0,0,0,0,0,0,0,0,0,0,0,0,0,0,0,0,0,0,0,0,0,0,0,0,0,0,0,0,0,0,0,0,0,0,0,0,0,0,0,0,0,0,0,0,0,0,0,0,0,0,0,0,0,0,0,0,0,0,0,0,0,0,0,0,0,0,0,0,0,0,0,0,0,0,0,0,0,0,0,0,0,0,0,0,0,0,0,0,0,0,0,0,0,0,0,0,0,0,0,0,0,0,0,0,0,0,0,0,0,0,0,0,0,0,0,0,0,0,0,0,0,0,0,0,0,0,0,0,0,0,0,0,0,0,0,0,0,0,0,0,0,0,0,0,0,0,0,0,0,0,0,0,0,0,0,0,0,0,0,0,0,0,0,0,0,0,0,0,0,0,0,0,0,0,0,0,0,0,0,0,0,0,0,0,0,0,0,0,0,0,0,0,0,0,0,0,0,0,0,0,0,0,0,0,0,0,0,0,0,0,3,0,33,0,0,0,0,0,0,0,0,0,0,0,0,1,0,22
2,40,0.2,0.2,0.0,0.0,13,6994,0.021,0.0200833333333,8.10606060606e-07,-384615.384615,250,2000,0.004,0.001,3.14516129032e-07,0.0,3,144,0.101,0.1005,4.99999999999e-07,0.0,0,0,0,0,0,0.0,1,20,0.0,0.0,0.0,0.0,280,169400,0.035,0.000885304659498,2.64472293133e-05,0.0,0,0,0,0,0,0.0,0,0,0,0,0,0.0,1,20,0.0,0.0,0.0,0.0,1,326,0.0,0.0,0,0.0,12,7080,0.021,0.0197272727273,1.21818181818e-06,83333.3333333,0,0,0,0,0,0.0,0,0,0,0,0,0.0,4,1492,0.192,0.064,0.012288,162500000.0,2,18631,0.082,0.082,0.0,152000000.0,0,0,0,0,0,0.0,0,0,0,0,0,0.0,0,0,0,0,0,0.0,0,0,0,0,0,0.0,2,282,0.087,0.087,0.0,175500000.0,0,0,0,0,0,0.0,0,0,0,0,0,0.0,0,0,0.0,0.0,0,0.0,3,144,0.1,0.1,0.0,0.0,12,8616,0.022,0.0201818181818,7.63636363636e-07,-333333.333333,0,0,0,0,0,0.0,0,0,0,0,0,0.0,0,0,0,0,0,0.0,1,71,0.0,0.0,0.0,0.0,0,0,0,0,0,0.0,0,0,0,0,0,0.0,0,0,0,0,0,0.0,0,0,0,0,0,0.0,0,0,0,0,0,0.0,0,0,0,0,0,0.0,0,0,0,0,0,0.0,0,0,0.0,0.0,0,0.0,1,72,0.0,0.0,0.0,0.0,0,0,0,0,0,0.0,0,0,0,0,0,0.0,0,0,0,0,0,0.0,0,0,0,0,0,0.0,0,0,0,0,0,0.0,0,0,0,0,0,0.0,0,0,0,0,0,0.0,0,0,0,0,0,0.0,2,40,0.2,0.2,0.0,0.0,1,668,0.0,0.0,0,0.0,0,0,0,0,0,0.0,0,0,0,0,0,0.0,0,0,0,0,0,0.0,0,0,0,0,0,0.0,0,0,0,0,0,0.0,0,0,0,0,0,0.0,0,0,0,0,0,0.0,0,0,0,0,0,0.0,1,20,0.0,0.0,0.0,0.0,0,0,0,0,0,0.0,0,0,0,0,0,0.0,3,19575,0.113,0.1045,0.0001445,34333333.3333,0,0,0,0,0,0.0,0,0,0,0,0,0.0,0,0,0,0,0,0.0,0,0,0,0,0,0.0,0,0,0,0,0,0.0,0,0,0,0,0,0.0,3,26592,0.112,0.107,5e-05,9000000.0,0,0,0,0,0,0.0,0,0,0,0,0,0.0,0,0,0,0,0,0.0,0,0,0,0,0,0.0,3,213,0.114,0.105,0.000162,33666666.6667,0,0,0,0,0,0.0,0,0,0,0,0,0.0,0,0,0,0,0,0.0,0,0,0,0,0,0.0,0,0,0,0,0,0.0,0,0,0,0,0,0.0,2,309,0.098,0.098,0.0,55000000.0,0,0,0,0,0,0.0,0,0,0,0,0,0.0,10,1913,0.0,0.0,0.0,0.0,2,40,0.201,0.201,0,0.0,1,20,0.0,0.0,0,-1000000.0,12,2892,0.021,0.0197272727273,1.01818181818e-06,166666.666667,1,20,0.0,0.0,0,0.0,2,40,0.2,0.2,0,0.0,0,0,0,0,0,0.0,2,726,0.116,0.116,0.0,9000000.0,2,10796,0.116,0.116,0.0,8000000.0,2,26812,0.116,0.116,0.0,9000000.0,0,0,0,0,0,0.0,2,150,0.116,0.116,0.0,9000000.0,11,1609,0.053,0.0163,0.000282455555556,0.0,46,47564,0.021,0.00533333333333,3.91363636364e-05,0.0,0,0,-4.06887198423e-06,8.56568968493e-05,-4.31646416565e-05,-0.315173912813,-3.91577341956e-05,0.348354909731,-0.000377046965199,-0.000894543339307,4.12430422871e-05,4.73799888381e-05,5.87270729842e-05,-4.12175592528e-05,4.90411163856e-06,0.0,0.0,0.0,0.0,0.0,0.0,0.0,0.0,0.0,0.0,0.0,0.0,0.0,-0.00133782902521,0.0104401896482,-1.8150391893e-05,-0.0911299578626,0.000108962476413,0.0979664900225,-0.00674915349793,-0.00851099390063,0.0096279982816,0.018270452441,0.0425242444093,-0.041284703836,-4.45529239543e-05,0,0,0,0,9223372036854775807,0,9223372036854775807,0,9223372036854775807,0,9223372036854775807,0,9223372036854775807,0,9223372036854775807,6.0,10.6999998093,0.0,6.06000003815,5.54418616849,10469376.0,10469376.0,10469376.0,0.0,486219776.0,486219776.0,486219776.0,0.0,0.0,0.0,9.22337203685e+18,0.0,9.22337203685e+18,0.0,9.22337203685e+18,0.0,9.22337203685e+18,0.0,9.22337203685e+18,0.0,9.22337203685e+18,0.0,0.0,9.22337203685e+18,0.0,9.22337203685e+18,0.0,9.22337203685e+18,0.0,9.22337203685e+18,0.0,9.22337203685e+18,0.0,9.22337203685e+18,0,0,9223372036854775807,0,9223372036854775807,0,9223372036854775807,0,9223372036854775807,0,9223372036854775807,0,9223372036854775807,0,9223372036854775807,0,9223372036854775807,0,9223372036854775807,0,9223372036854775807,0,9223372036854775807,0,9223372036854775807,0,9223372036854775807,0,9223372036854775807,0,9223372036854775807,0,9223372036854775807,0,9223372036854775807,0,9223372036854775807,0,9223372036854775807,0,9223372036854775807,0,9223372036854775807,0,9223372036854775807,0,0,0,0,9223372036854775807,9223372036854775807,9223372036854775807,0,0,0,0,1,0,51,0,0,0,0,0,0,0,0,0,0,0,0,0,0,0,0,0,0,0,0,0,1,0,6,1,0,3,0,0,0,0,0,0,0,0,0,0,0,0,0,0,0,0,0,0,0,0,0,0,0,0,0,0,0,0,0,0,0,0,0,0,0,0,0,0,0,0,0,0,1,0,43,0,0,0,0,0,0,0,0,0,0,0,0,0,0,0,0,0,0,0,0,0,0,0,0,0,0,0,0,0,0,0,0,0,0,0,0,1,0,6,0,0,0,0,0,0,0,0,0,0,0,0,0,0,0,0,0,0,0,0,0,0,0,0,2,0,12,1,0,4,0,0,0,0,0,0,0,0,0,0,0,0,0,0,0,0,0,0,0,0,0,0,0,0,0,0,0,0,0,0,0,0,0,0,0,0,0,0,0,0,0,0,0,0,0,0,0,0,0,0,0,0,0,0,0,0,0,0,0,0,0,0,0,0,0,0,0,0,0,0,0,0,0,0,0,0,0,0,0,0,0,0,0,0,0,0,0,0,0,0,0,0,0,0,0,0,0,0,0,0,0,0,0,0,0,0,0,0,1,0,51,0,0,0,0,0,0,0,0,0,1,0,10,0,0,0,0,0,0,0,0,0,0,0,0,0,0,0,1,0,104
1,20,0.0,0.0,0.0,0.0,12,6456,0.022,0.02,1.2e-06,-500000.0,251,2008,0.005,0.001,4.89959839357e-07,0.0,2,96,0.1,0.1,0.0,0.0,0,0,0,0,0,0.0,2,40,0.195,0.195,0.0,-2500000.0,274,165770,0.037,0.000901098901099,2.91629767292e-05,0.0,0,0,0,0,0,0.0,0,0,0,0,0,0.0,2,40,0.202,0.202,0.0,1000000.0,0,0,0.0,0.0,0,0.0,13,7670,0.023,0.0201666666667,3.78787878788e-06,-923076.923077,0,0,0,0,0,0.0,0,0,0,0,0,0.0,4,1492,0.221,0.0736666666667,0.0162803333333,176000000.0,3,27938,0.114,0.109,5e-05,184000000.0,0,0,0,0,0,0.0,0,0,0,0,0,0.0,0,0,0,0,0,0.0,0,0,0,0,0,0.0,2,275,0.106,0.106,0.0,215000000.0,0,0,0,0,0,0.0,0,0,0,0,0,0.0,0,0,0.0,0.0,0,0.0,2,96,0.1,0.1,0.0,0.0,11,7898,0.037,0.0216,3.07111111111e-05,3000000.0,0,0,0,0,0,0.0,0,0,0,0,0,0.0,0,0,0,0,0,0.0,1,71,0.0,0.0,0.0,0.0,0,0,0,0,0,0.0,0,0,0,0,0,0.0,0,0,0,0,0,0.0,0,0,0,0,0,0.0,0,0,0,0,0,0.0,0,0,0,0,0,0.0,0,0,0,0,0,0.0,1,730,0.0,0.0,0,0.0,1,72,0.0,0.0,0.0,0.0,0,0,0,0,0,0.0,0,0,0,0,0,0.0,0,0,0,0,0,0.0,0,0,0,0,0,0.0,0,0,0,0,0,0.0,0,0,0,0,0,0.0,0,0,0,0,0,0.0,0,0,0,0,0,0.0,1,20,0.0,0.0,0.0,1000000.0,1,668,0.0,0.0,0,0.0,0,0,0,0,0,0.0,0,0,0,0,0,0.0,0,0,0,0,0,0.0,0,0,0,0,0,0.0,0,0,0,0,0,0.0,0,0,0,0,0,0.0,0,0,0,0,0,0.0,0,0,0,0,0,0.0,1,20,0.0,0.0,0.0,1000000.0,0,0,0,0,0,0.0,0,0,0,0,0,0.0,3,19575,0.118,0.1115,8.45e-05,30666666.6667,0,0,0,0,0,0.0,0,0,0,0,0,0.0,0,0,0,0,0,0.0,0,0,0,0,0,0.0,0,0,0,0,0,0.0,0,0,0,0,0,0.0,2,17728,0.117,0.117,0.0,8500000.0,0,0,0,0,0,0.0,0,0,0,0,0,0.0,0,0,0,0,0,0.0,0,0,0,0,0,0.0,3,213,0.118,0.1105,0.0001125,30000000.0,0,0,0,0,0,0.0,0,0,0,0,0,0.0,0,0,0,0,0,0.0,0,0,0,0,0,0.0,0,0,0,0,0,0.0,0,0,0,0,0,0.0,2,289,0.118,0.118,0.0,58000000.0,0,0,0,0,0,0.0,0,0,0,0,0,0.0,0,0,0.0,0.0,0.0,0.0,1,20,0.0,0.0,0,0.0,1,20,0.0,0.0,0,0.0,13,3133,0.023,0.0198333333333,2.87878787879e-06,307692.307692,1,20,0.0,0.0,0,1000000.0,1,20,0.0,0.0,0,1000000.0,0,0,0,0,0,0.0,3,1089,0.101,0.1,2e-06,7000000.0,3,16194,0.102,0.0985,2.45e-05,5333333.33333,3,40218,0.102,0.0985,2.45e-05,5333333.33333,0,0,0,0,0,0.0,3,225,0.102,0.0985,2.45e-05,5333333.33333,22,3266,0.049,0.0117142857143,0.000200714285714,0.0,50,50132,0.02,0.005,3.47916666667e-05,0.0,0,0,-4.08740154612e-06,-5.47959388753e-05,-4.31885107943e-05,-0.338834971728,2.09808381033e-05,0.373814340531,-0.000377108347794,-0.000894554665901,4.12433449535e-05,4.73806356229e-05,5.8725351292e-05,-4.12177495562e-05,4.9033763343e-06,0.0,0.0,0.0,0.0,0.0,0.0,0.0,0.0,0.0,0.0,0.0,0.0,0.0,-0.00135637401585,0.0104722767792,-1.81500059389e-05,-0.0911132243974,0.000108445416105,0.099130189333,-0.00681272677056,-0.00852284951448,0.00962796467803,0.0182709043576,0.0425224069904,-0.0412847383287,-4.52969337246e-05,0,0,0,0,9223372036854775807,0,9223372036854775807,0,9223372036854775807,0,9223372036854775807,0,9223372036854775807,0,9223372036854775807,0.0,0.0,9.22337203685e+18,0.0,9.22337203685e+18,0.0,9.22337203685e+18,0.0,9.22337203685e+18,0.0,9.22337203685e+18,0.0,9.22337203685e+18,0.0,0.0,9.22337203685e+18,0.0,9.22337203685e+18,0.0,9.22337203685e+18,0.0,9.22337203685e+18,0.0,9.22337203685e+18,0.0,9.22337203685e+18,0.0,0.0,9.22337203685e+18,0.0,9.22337203685e+18,0.0,9.22337203685e+18,0.0,9.22337203685e+18,0.0,9.22337203685e+18,0.0,9.22337203685e+18,0,0,9223372036854775807,0,9223372036854775807,0,9223372036854775807,0,9223372036854775807,0,9223372036854775807,0,9223372036854775807,0,9223372036854775807,0,9223372036854775807,0,9223372036854775807,0,9223372036854775807,0,9223372036854775807,0,9223372036854775807,0,9223372036854775807,0,9223372036854775807,0,9223372036854775807,0,9223372036854775807,0,9223372036854775807,0,9223372036854775807,0,9223372036854775807,0,9223372036854775807,0,9223372036854775807,0,9223372036854775807,0,0,0,0,9223372036854775807,9223372036854775807,9223372036854775807,0,0,0,0,0,0,0,0,0,0,0,0,0,0,0,0,0,0,0,0,0,0,0,0,0,0,0,0,1,0,5,0,0,0,1,0,51,0,0,0,0,0,0,1,0,12,1,0,10,0,0,0,0,0,0,0,0,0,0,0,0,0,0,0,0,0,0,0,0,0,0,0,0,0,0,0,1,0,51,0,0,0,0,0,0,0,0,0,0,0,0,0,0,0,0,0,0,0,0,0,0,0,0,0,0,0,0,0,0,0,0,0,1,0,3,0,0,0,0,0,0,0,0,0,0,0,0,0,0,0,0,0,0,0,0,0,0,0,0,0,0,0,0,0,0,0,0,0,0,0,0,0,0,0,0,0,0,0,0,0,0,0,0,0,0,0,0,0,0,0,0,0,1,0,6,0,0,0,0,0,0,1,0,9,0,0,0,0,0,0,0,0,0,0,0,0,0,0,0,0,0,0,1,0,9,0,0,0,0,0,0,0,0,0,0,0,0,1,0,9,0,0,0,0,0,0,0,0,0,0,0,0,0,0,0,0,0,0,1,0,9,0,0,0,0,0,0,0,0,0,1,0,6,0,0,0,1,0,51,0,0,0,1,0,6,0,0,0,0,0,0,1,0,10,1,0,10,0,0,0,1,0,10,0,0,0,4,0,231
1,20,0.0,0.0,0.0,0.0,13,6994,0.023,0.02,2.18181818182e-06,0.0,251,2008,0.003,0.001,1.60642570281e-07,0.0,3,144,0.1,0.1,0.0,0.0,0,0,0,0,0,0.0,1,20,0.0,0.0,0.0,0.0,235,142175,0.036,0.000837606837607,2.64112835186e-05,0.0,0,0,0,0,0,0.0,0,0,0,0,0,0.0,1,20,0.0,0.0,0.0,0.0,1,326,0.0,0.0,0,0.0,12,7080,0.025,0.0200909090909,6.49090909091e-06,416666.666667,0,0,0,0,0,0.0,0,0,0,0,0,0.0,4,1492,0.092,0.0306666666667,0.00282133333333,155500000.0,3,28007,0.099,0.091,0.000128,155666666.667,0,0,0,0,0,0.0,0,0,0,0,0,0.0,0,0,0,0,0,0.0,0,0,0,0,0,0.0,3,450,0.089,0.0885,5.00000000001e-07,197333333.333,0,0,0,0,0,0.0,0,0,0,0,0,0.0,0,0,0.0,0.0,0,0.0,3,144,0.1,0.1,0.0,0.0,14,10052,0.037,0.0174615384615,0.000253102564103,15000000.0,0,0,0,0,0,0.0,0,0,0,0,0,0.0,0,0,0,0,0,0.0,2,142,0.192,0.192,0.0,-2500000.0,0,0,0,0,0,0.0,0,0,0,0,0,0.0,0,0,0,0,0,0.0,0,0,0,0,0,0.0,0,0,0,0,0,0.0,0,0,0,0,0,0.0,0,0,0,0,0,0.0,1,730,0.0,0.0,0,0.0,2,144,0.2,0.2,0.0,0.0,0,0,0,0,0,0.0,0,0,0,0,0,0.0,0,0,0,0,0,0.0,0,0,0,0,0,0.0,0,0,0,0,0,0.0,0,0,0,0,0,0.0,0,0,0,0,0,0.0,0,0,0,0,0,0.0,1,20,0.0,0.0,0.0,1000000.0,1,668,0.0,0.0,0,0.0,0,0,0,0,0,0.0,0,0,0,0,0,0.0,0,0,0,0,0,0.0,0,0,0,0,0,0.0,0,0,0,0,0,0.0,0,0,0,0,0,0.0,0,0,0,0,0,0.0,0,0,0,0,0,0.0,2,40,0.2,0.2,0.0,0.0,0,0,0,0,0,0.0,0,0,0,0,0,0.0,2,13050,0.106,0.106,0.0,32000000.0,0,0,0,0,0,0.0,0,0,0,0,0,0.0,0,0,0,0,0,0.0,0,0,0,0,0,0.0,0,0,0,0,0,0.0,0,0,0,0,0,0.0,2,17728,0.113,0.113,0.0,5500000.0,0,0,0,0,0,0.0,0,0,0,0,0,0.0,0,0,0,0,0,0.0,0,0,0,0,0,0.0,2,142,0.106,0.106,0.0,30000000.0,0,0,0,0,0,0.0,0,0,0,0,0,0.0,0,0,0,0,0,0.0,0,0,0,0,0,0.0,0,0,0,0,0,0.0,0,0,0,0,0,0.0,3,431,0.11,0.1085,4.50000000001e-06,56000000.0,0,0,0,0,0,0.0,0,0,0,0,0,0.0,14,2678,0.0,0.0,0.0,0.0,1,20,0.0,0.0,0,0.0,2,40,0.19,0.19,0,4000000.0,12,2892,0.023,0.0200909090909,3.49090909091e-06,583333.333333,1,20,0.0,0.0,0,0.0,1,20,0.0,0.0,0,0.0,0,0,0,0,0,0.0,2,726,0.106,0.106,0.0,2500000.0,2,10796,0.102,0.102,0.0,3500000.0,2,26812,0.106,0.106,0.0,2500000.0,0,0,0,0,0,0.0,2,150,0.106,0.106,0.0,2500000.0,7,1044,0.068,0.0358333333333,0.000467766666667,0.0,45,46239,0.025,0.00531818181818,4.7710359408e-05,0.0,0,0,-4.18665879387e-06,5.43714341292e-05,-4.2971003495e-05,-0.360587916219,2.09918574692e-05,0.396724064201,-0.000377040527493,-0.000894378782218,4.13478207735e-05,4.7594254335e-05,5.80517554232e-05,-4.09212257856e-05,4.92542557584e-06,0.0,0.0,0.0,0.0,0.0,0.0,0.0,0.0,0.0,0.0,0.0,0.0,0.0,-0.000909790748398,0.0126636301806,-1.84428189321e-05,-0.0947001860585,9.48205748194e-05,0.105455888005,-0.00735902709873,-0.00964404827485,0.00982448529708,0.0183826292449,0.0420290663833,-0.0406610682098,-9.60946286772e-05,0,0,0,0,9223372036854775807,0,9223372036854775807,0,9223372036854775807,0,9223372036854775807,0,9223372036854775807,0,9223372036854775807,6.0,10.5,0.0,6.03999996185,5.52928564693,10469376.0,10469376.0,10469376.0,0.0,486219776.0,486219776.0,486219776.0,0.0,0.0,0.0,9.22337203685e+18,0.0,9.22337203685e+18,0.0,9.22337203685e+18,0.0,9.22337203685e+18,0.0,9.22337203685e+18,0.0,9.22337203685e+18,0.0,0.0,9.22337203685e+18,0.0,9.22337203685e+18,0.0,9.22337203685e+18,0.0,9.22337203685e+18,0.0,9.22337203685e+18,0.0,9.22337203685e+18,0,0,9223372036854775807,0,9223372036854775807,0,9223372036854775807,0,9223372036854775807,0,9223372036854775807,0,9223372036854775807,0,9223372036854775807,0,9223372036854775807,0,9223372036854775807,0,9223372036854775807,0,9223372036854775807,0,9223372036854775807,0,9223372036854775807,0,9223372036854775807,0,9223372036854775807,0,9223372036854775807,0,9223372036854775807,0,9223372036854775807,0,9223372036854775807,0,9223372036854775807,0,9223372036854775807,0,9223372036854775807,0,0,0,0,9223372036854775807,9223372036854775807,9223372036854775807,0,0,0,0,0,0,0,0,0,0,1,0,10,0,0,0,1,0,6,0,0,0,0,0,0,0,0,0,0,0,0,0,0,0,0,0,0,0,0,0,0,0,0,0,0,0,0,0,0,0,0,0,0,0,0,0,0,0,0,0,0,1,0,10,0,0,0,0,0,0,0,0,0,1,0,10,0,0,0,0,0,0,0,0,0,0,0,0,0,0,0,0,0,0,0,0,0,0,0,0,0,0,0,0,0,0,0,0,0,0,0,0,0,0,0,0,0,0,0,0,0,0,0,0,0,0,0,0,0,0,0,0,0,0,0,0,0,0,0,0,0,0,0,0,0,0,0,0,0,0,0,0,0,0,0,0,0,0,0,0,0,0,0,0,0,0,0,0,0,0,0,0,0,0,0,0,0,0,0,0,0,0,0,0,0,0,0,0,0,0,0,0,0,0,0,0,0,0,0,0,0,0,0,0,0,0,0,0,0,0,0,0,0,0,0,0,0,0,0,0,0,0,0,0,0,0,0,0,0,0,0,0,0,0,0,0,0,0,0,0,0,0,0,0,0,0,0,0,0,0,0,0,0,1,0,6,0,0,0,1,0,6,0,0,0,0,0,0,0,0,0,0,0,0,0,0,0,0,0,0,0,0,0,0,0,0,1,0,21
1,20,0.0,0.0,0.0,0.0,12,6456,0.024,0.0199090909091,7.29090909091e-06,-1166666.66667,252,2016,0.007,0.00097609561753,6.55426294821e-07,0.0,2,96,0.099,0.099,0.0,0.0,1,574,0,0,0,-2000000.0,1,20,0.0,0.0,0.0,0.0,232,140360,0.038,0.000900432900433,2.83509128553e-05,0.0,0,0,0,0,0,0.0,0,0,0,0,0,0.0,1,20,0.0,0.0,0.0,1000000.0,1,326,0.0,0.0,0,0.0,12,7080,0.023,0.0200909090909,2.29090909091e-06,-500000.0,0,0,0,0,0,0.0,0,0,0,0,0,0.0,2,746,0.0,0.0,0.0,142000000.0,2,18692,0.103,0.103,0.0,155500000.0,0,0,0,0,0,0.0,0,0,0,0,0,0.0,0,0,0,0,0,0.0,0,0,0,0,0,0.0,3,426,0.096,0.092,3.2e-05,178333333.333,0,0,0,0,0,0.0,0,0,0,0,0,0.0,0,0,0.0,0.0,0,0.0,2,96,0.1,0.1,0.0,0.0,11,7898,0.037,0.0204,0.000273377777778,11272727.2727,0,0,0,0,0,0.0,0,0,0,0,0,0.0,0,0,0,0,0,0.0,1,71,0.0,0.0,0.0,-2000000.0,0,0,0,0,0,0.0,0,0,0,0,0,0.0,0,0,0,0,0,0.0,0,0,0,0,0,0.0,0,0,0,0,0,0.0,0,0,0,0,0,0.0,0,0,0,0,0,0.0,0,0,0.0,0.0,0,0.0,1,72,0.0,0.0,0.0,0.0,0,0,0,0,0,0.0,0,0,0,0,0,0.0,0,0,0,0,0,0.0,0,0,0,0,0,0.0,0,0,0,0,0,0.0,0,0,0,0,0,0.0,0,0,0,0,0,0.0,0,0,0,0,0,0.0,1,20,0.0,0.0,0.0,0.0,1,668,0.0,0.0,0,0.0,0,0,0,0,0,0.0,0,0,0,0,0,0.0,0,0,0,0,0,0.0,0,0,0,0,0,0.0,0,0,0,0,0,0.0,0,0,0,0,0,0.0,0,0,0,0,0,0.0,0,0,0,0,0,0.0,1,20,0.0,0.0,0.0,0.0,0,0,0,0,0,0.0,0,0,0,0,0,0.0,2,13050,0.117,0.117,0.0,34500000.0,0,0,0,0,0,0.0,0,0,0,0,0,0.0,0,0,0,0,0,0.0,0,0,0,0,0,0.0,0,0,0,0,0,0.0,0,0,0,0,0,0.0,2,17728,0.116,0.116,0.0,9000000.0,0,0,0,0,0,0.0,0,0,0,0,0,0.0,0,0,0,0,0,0.0,0,0,0,0,0,0.0,2,142,0.117,0.117,0.0,32500000.0,0,0,0,0,0,0.0,0,0,0,0,0,0.0,0,0,0,0,0,0.0,0,0,0,0,0,0.0,0,0,0,0,0,0.0,0,0,0,0,0,0.0,2,295,0.118,0.118,0.0,59000000.0,0,0,0,0,0,0.0,0,0,0,0,0,0.0,22,4190,0.005,0.000619047619048,1.74761904762e-06,0.0,1,20,0.0,0.0,0,0.0,1,20,0.0,0.0,0,0.0,13,3133,0.027,0.0200833333333,1.28106060606e-05,692307.692308,2,40,0.199,0.199,0,0.0,1,20,0.0,0.0,0,0.0,0,0,0,0,0,0.0,3,1089,0.11,0.105,5e-05,11333333.3333,3,16194,0.11,0.104,7.2e-05,11000000.0,3,40218,0.109,0.1045,4.05e-05,11000000.0,0,0,0,0,0,0.0,3,225,0.109,0.1045,4.05e-05,11000000.0,11,1472,0.055,0.0158,0.000327955555556,0.0,47,43283,0.022,0.00521739130435,3.71072463768e-05,0.0,0,0,-5.2074732384e-06,5.47338480184e-05,-4.2921564452e-05,-0.382283228228,2.10542887888e-05,0.419510291225,-0.000377301728728,-0.000894373364501,4.13360489446e-05,4.7603364199e-05,5.80575832014e-05,-4.09081108597e-05,4.92453969869e-06,0.0,0.0,0.0,0.0,0.0,0.0,0.0,0.0,0.0,0.0,0.0,0.0,0.0,-0.000905675926684,0.0125962560512,-1.84448156175e-05,-0.0947934241612,9.47309880757e-05,0.106402724579,-0.00733587717327,-0.00962922307512,0.00982618137509,0.0183928990705,0.0420295439612,-0.0406566353553,-9.6206429505e-05,0,0,0,0,9223372036854775807,0,9223372036854775807,0,9223372036854775807,0,9223372036854775807,0,9223372036854775807,0,9223372036854775807,6.0,10.1000003815,0.0,3.9,5.34602657434,10469376.0,10469376.0,10469376.0,0.0,486219776.0,486219776.0,486219776.0,0.0,6.0,10.8000001907,0.0,6.23999996185,5.70333232781,15544320.0,15544320.0,15544320.0,0.0,472285184.0,472285184.0,472285184.0,0.0,11.0,30.7999992371,9.89999961853,16.4399995804,9.24894559789,69038080.0,60665856.0,62394368.0,3715792.23008,962248704.0,962248704.0,962248704.0,0.0,0,0,9223372036854775807,0,9223372036854775807,0,9223372036854775807,0,9223372036854775807,0,9223372036854775807,0,9223372036854775807,0,9223372036854775807,0,9223372036854775807,0,9223372036854775807,0,9223372036854775807,0,9223372036854775807,0,9223372036854775807,0,9223372036854775807,0,9223372036854775807,0,9223372036854775807,0,9223372036854775807,0,9223372036854775807,0,9223372036854775807,0,9223372036854775807,0,9223372036854775807,0,9223372036854775807,0,9223372036854775807,0,0,0,0,9223372036854775807,9223372036854775807,9223372036854775807,0,0,0,0,0,0,0,0,0,0,1,0,11,1,0,2,0,0,0,0,0,0,0,0,0,0,0,0,0,0,0,0,0,0,0,0,0,0,0,0,0,0,0,0,0,0,0,0,0,0,0,0,0,0,0,0,0,0,0,0,0,0,0,0,0,0,0,0,0,0,0,0,0,1,0,11,1,0,40,0,0,0,0,0,0,0,0,0,1,0,6,0,0,0,0,0,0,0,0,0,0,0,0,0,0,0,0,0,0,0,0,0,0,0,0,0,0,0,0,0,0,0,0,0,0,0,0,0,0,0,0,0,0,0,0,0,0,0,0,0,0,0,0,0,0,0,0,0,0,0,0,0,0,0,0,0,0,0,0,0,0,0,0,0,0,0,0,0,0,0,0,0,0,0,0,0,0,0,0,0,0,0,0,0,0,0,0,0,0,0,0,0,0,0,0,0,0,0,0,0,0,0,0,0,0,0,0,0,0,0,0,0,0,0,0,0,0,0,0,0,0,0,0,0,0,0,0,0,0,0,0,0,0,0,0,0,0,0,0,0,0,0,0,0,0,0,0,1,0,34,0,0,0,0,0,0,0,0,0,0,0,0,0,0,0,0,0,0,0,0,0,3,0,30,0,0,0,0,0,0,0,0,0,0,0,0,1,0,22
2,40,0.198,0.198,0.0,1000000.0,13,6994,0.026,0.0205833333333,5.53787878788e-06,-1000000.0,249,1992,0.005,0.00100403225806,4.73667885595e-07,0.0,3,144,0.101,0.101,1.57772181044e-30,0.0,0,0,0,0,0,0.0,1,20,0.0,0.0,0.0,0.0,253,153065,0.042,0.000845238095238,2.48643995447e-05,0.0,0,0,0,0,0,0.0,0,0,0,0,0,0.0,1,20,0.0,0.0,0.0,0.0,0,0,0.0,0.0,0,0.0,13,7670,0.026,0.0195,1.02727272727e-05,76923.0769231,0,0,0,0,0,0.0,0,0,0,0,0,0.0,4,1492,0.178,0.0593333333333,0.0105613333333,150500000.0,3,27997,0.093,0.085,0.000128,154666666.667,0,0,0,0,0,0.0,0,0,0,0,0,0.0,0,0,0,0,0,0.0,0,0,0,0,0,0.0,3,429,0.099,0.089,0.0002,185000000.0,0,0,0,0,0,0.0,0,0,0,0,0,0.0,0,0,0.0,0.0,0,0.0,3,144,0.102,0.1015,5.00000000001e-07,0.0,12,8616,0.037,0.0193636363636,0.000215854545455,13916666.6667,0,0,0,0,0,0.0,0,0,0,0,0,0.0,0,0,0,0,0,0.0,1,71,0.0,0.0,0.0,0.0,0,0,0,0,0,0.0,0,0,0,0,0,0.0,0,0,0,0,0,0.0,0,0,0,0,0,0.0,0,0,0,0,0,0.0,0,0,0,0,0,0.0,0,0,0,0,0,0.0,1,760,0.0,0.0,0,-5000000.0,1,72,0.0,0.0,0.0,-5000000.0,0,0,0,0,0,0.0,0,0,0,0,0,0.0,0,0,0,0,0,0.0,0,0,0,0,0,0.0,0,0,0,0,0,0.0,0,0,0,0,0,0.0,0,0,0,0,0,0.0,0,0,0,0,0,0.0,2,40,0.202,0.202,0.0,-500000.0,1,668,0.0,0.0,0,0.0,0,0,0,0,0,0.0,0,0,0,0,0,0.0,0,0,0,0,0,0.0,0,0,0,0,0,0.0,0,0,0,0,0,0.0,0,0,0,0,0,0.0,0,0,0,0,0,0.0,0,0,0,0,0,0.0,1,20,0.0,0.0,0.0,0.0,0,0,0,0,0,0.0,0,0,0,0,0,0.0,2,13050,0.103,0.103,0.0,33500000.0,0,0,0,0,0,0.0,0,0,0,0,0,0.0,0,0,0,0,0,0.0,0,0,0,0,0,0.0,0,0,0,0,0,0.0,0,0,0,0,0,0.0,3,26592,0.111,0.1075,2.45e-05,15000000.0,0,0,0,0,0,0.0,0,0,0,0,0,0.0,0,0,0,0,0,0.0,0,0,0,0,0,0.0,2,142,0.104,0.104,0.0,32000000.0,0,0,0,0,0,0.0,0,0,0,0,0,0.0,0,0,0,0,0,0.0,0,0,0,0,0,0.0,0,0,0,0,0,0.0,0,0,0,0,0,0.0,2,310,0.108,0.108,0.0,61000000.0,0,0,0,0,0,0.0,0,0,0,0,0,0.0,0,0,0.0,0.0,0.0,0.0,2,40,0.192,0.192,0,2500000.0,1,20,0.0,0.0,0,0.0,12,2892,0.023,0.02,2.8e-06,750000.0,1,20,0.0,0.0,0,0.0,2,40,0.191,0.191,0,3500000.0,0,0,0,0,0,0.0,2,726,0.104,0.104,0.0,6000000.0,2,10796,0.104,0.104,0.0,6000000.0,2,26812,0.104,0.104,0.0,6000000.0,0,0,0,0,0,0.0,2,150,0.104,0.104,0.0,6000000.0,11,1564,0.07,0.0205,0.0006525,0.0,48,51172,0.02,0.00478723404255,3.62146160962e-05,0.0,0,0,-4.22563339164e-06,5.66037201857e-05,-4.28268593824e-05,-0.40580770917,-2.22363367079e-05,0.444508028297,-0.000377229542595,-0.000894379443587,4.1333543737e-05,4.76116221995e-05,5.80510170005e-05,-4.08904373408e-05,4.92421178144e-06,0.0,0.0,0.0,0.0,0.0,0.0,0.0,0.0,0.0,0.0,0.0,0.0,0.0,-0.000900933078141,0.0125164141172,-1.84482476552e-05,-0.0949394610705,9.43784012379e-05,0.107434553576,-0.00732439651656,-0.00964050906269,0.00982524209283,0.0183988796059,0.0420194500152,-0.0406497065566,-9.71369425431e-05,0,0,0,0,9223372036854775807,0,9223372036854775807,0,9223372036854775807,0,9223372036854775807,0,9223372036854775807,0,9223372036854775807,0.0,0.0,9.22337203685e+18,0.0,9.22337203685e+18,0.0,9.22337203685e+18,0.0,9.22337203685e+18,0.0,9.22337203685e+18,0.0,9.22337203685e+18,0.0,0.0,9.22337203685e+18,0.0,9.22337203685e+18,0.0,9.22337203685e+18,0.0,9.22337203685e+18,0.0,9.22337203685e+18,0.0,9.22337203685e+18,0.0,0.0,9.22337203685e+18,0.0,9.22337203685e+18,0.0,9.22337203685e+18,0.0,9.22337203685e+18,0.0,9.22337203685e+18,0.0,9.22337203685e+18,0,0,9223372036854775807,0,9223372036854775807,0,9223372036854775807,0,9223372036854775807,0,9223372036854775807,0,9223372036854775807,0,9223372036854775807,0,9223372036854775807,0,9223372036854775807,0,9223372036854775807,0,9223372036854775807,0,9223372036854775807,0,9223372036854775807,0,9223372036854775807,0,9223372036854775807,0,9223372036854775807,0,9223372036854775807,0,9223372036854775807,0,9223372036854775807,0,9223372036854775807,0,9223372036854775807,0,9223372036854775807,0,0,0,0,9223372036854775807,9223372036854775807,9223372036854775807,0,2,0,12,1,0,50,0,0,0,0,0,0,0,0,0,0,0,0,0,0,0,0,0,0,0,0,0,0,0,0,0,0,0,2,3,102,0,0,0,0,0,0,0,0,0,0,0,0,0,0,0,0,0,0,0,0,0,0,0,0,0,0,0,0,0,0,0,0,0,0,0,0,0,0,0,0,0,0,0,0,0,0,0,0,0,0,0,0,0,0,0,0,0,0,0,0,0,0,0,0,0,0,0,0,0,0,0,0,0,0,0,0,0,0,0,0,0,0,0,0,0,0,0,0,0,0,0,0,0,0,0,0,0,0,0,0,0,0,0,0,0,2,0,12,1,0,4,0,0,0,0,0,0,0,0,0,0,0,0,0,0,0,0,0,0,0,0,0,0,0,0,0,0,0,0,0,0,0,0,0,0,0,0,0,0,0,0,0,0,0,0,0,0,0,0,0,0,0,0,0,0,0,0,0,0,0,0,0,0,0,0,0,0,0,0,0,0,0,0,0,0,0,0,0,0,0,0,0,0,0,0,0,0,0,0,0,0,0,0,0,0,0,0,0,0,0,0,0,0,0,0,0,0,0,0,1,0,51,0,0,0,0,0,0,0,0,0,0,0,0,0,0,0,0,0,0,0,0,0,0,0,0,0,0,0,2,0,202
1,20,0.0,0.0,0.0,2000000.0,12,6456,0.027,0.02,8.6e-06,-1666666.66667,251,2008,0.014,0.001,1.71084337349e-06,0.0,2,96,0.1,0.1,0.0,0.0,0,0,0,0,0,0.0,2,40,0.2,0.2,0.0,0.0,280,169400,0.039,0.000856630824373,2.57635440035e-05,0.0,0,0,0,0,0,0.0,0,0,0,0,0,0.0,2,40,0.2,0.2,0.0,1000000.0,1,326,0.0,0.0,0,0.0,12,7080,0.041,0.02,0.0001726,9416666.66667,0,0,0,0,0,0.0,0,0,0,0,0,0.0,2,746,0.0,0.0,0.0,155000000.0,2,18683,0.102,0.102,0.0,158000000.0,0,0,0,0,0,0.0,0,0,0,0,0,0.0,0,0,0,0,0,0.0,0,0,0,0,0,0.0,2,284,0.086,0.086,0.0,194000000.0,0,0,0,0,0,0.0,0,0,0,0,0,0.0,0,0,0.0,0.0,0,0.0,2,96,0.1,0.1,0.0,0.0,14,10052,0.04,0.0176923076923,0.000230564102564,15000000.0,0,0,0,0,0,0.0,0,0,0,0,0,0.0,0,0,0,0,0,0.0,1,71,0.0,0.0,0.0,-2000000.0,0,0,0,0,0,0.0,0,0,0,0,0,0.0,0,0,0,0,0,0.0,0,0,0,0,0,0.0,0,0,0,0,0,0.0,0,0,0,0,0,0.0,0,0,0,0,0,0.0,0,0,0.0,0.0,0,0.0,1,72,0.0,0.0,0.0,0.0,0,0,0,0,0,0.0,0,0,0,0,0,0.0,0,0,0,0,0,0.0,0,0,0,0,0,0.0,0,0,0,0,0,0.0,0,0,0,0,0,0.0,0,0,0,0,0,0.0,0,0,0,0,0,0.0,1,20,0.0,0.0,0.0,2000000.0,1,668,0.0,0.0,0,0.0,0,0,0,0,0,0.0,0,0,0,0,0,0.0,0,0,0,0,0,0.0,0,0,0,0,0,0.0,0,0,0,0,0,0.0,0,0,0,0,0,0.0,0,0,0,0,0,0.0,0,0,0,0,0,0.0,1,20,0.0,0.0,0.0,0.0,0,0,0,0,0,0.0,0,0,0,0,0,0.0,3,19575,0.12,0.1145,6.05e-05,42333333.3333,0,0,0,0,0,0.0,0,0,0,0,0,0.0,0,0,0,0,0,0.0,0,0,0,0,0,0.0,0,0,0,0,0,0.0,0,0,0,0,0,0.0,2,17728,0.105,0.105,0.0,16000000.0,0,0,0,0,0,0.0,0,0,0,0,0,0.0,0,0,0,0,0,0.0,0,0,0,0,0,0.0,3,213,0.118,0.1135,4.05e-05,41000000.0,0,0,0,0,0,0.0,0,0,0,0,0,0.0,0,0,0,0,0,0.0,0,0,0,0,0,0.0,0,0,0,0,0,0.0,0,0,0,0,0,0.0,2,305,0.118,0.118,0.0,65500000.0,0,0,0,0,0,0.0,0,0,0,0,0,0.0,10,1913,0.0,0.0,0.0,0.0,1,20,0.0,0.0,0,0.0,1,20,0.0,0.0,0,3000000.0,13,3133,0.025,0.01975,4.75e-06,846153.846154,1,20,0.0,0.0,0,0.0,1,20,0.0,0.0,0,0.0,0,0,0,0,0,0.0,3,1089,0.114,0.0975,0.0005445,8333333.33333,3,16194,0.113,0.0975,0.0004805,8000000.0,3,40218,0.114,0.0975,0.0005445,8333333.33333,0,0,0,0,0,0.0,3,225,0.114,0.0975,0.0005445,8333333.33333,17,2566,0.072,0.01425,0.000334066666667,0.0,47,44241,0.024,0.00515217391304,3.70207729469e-05,0.0,0,0,-4.82413625313e-06,-2.60837620916e-05,-4.21753043183e-05,-0.427528468243,-2.24649375786e-05,0.467825633564,-0.000369765279786,-0.000894151577728,4.06188852615e-05,4.67585168922e-05,6.10498156837e-05,-4.15603853244e-05,4.83276738183e-06,0.0,0.0,0.0,0.0,0.0,0.0,0.0,0.0,0.0,0.0,0.0,0.0,0.0,-0.00193795773143,-0.00354206393657,-1.80733248426e-05,-0.084566859016,0.000122936058204,0.0783787871748,0.000370591095471,-0.00443777566583,0.00890892684189,0.0179767588187,0.0441659491469,-0.0423350138045,5.48589473546e-05,0,0,0,0,9223372036854775807,0,9223372036854775807,0,9223372036854775807,0,9223372036854775807,0,9223372036854775807,0,9223372036854775807,6.0,12.5,0.0,6.53999996185,6.05375912757,10469376.0,10469376.0,10469376.0,0.0,486219776.0,486219776.0,486219776.0,0.0,0.0,0.0,9.22337203685e+18,0.0,9.22337203685e+18,0.0,9.22337203685e+18,0.0,9.22337203685e+18,0.0,9.22337203685e+18,0.0,9.22337203685e+18,0.0,0.0,9.22337203685e+18,0.0,9.22337203685e+18,0.0,9.22337203685e+18,0.0,9.22337203685e+18,0.0,9.22337203685e+18,0.0,9.22337203685e+18,0,0,9223372036854775807,0,9223372036854775807,0,9223372036854775807,0,9223372036854775807,0,9223372036854775807,0,9223372036854775807,0,9223372036854775807,0,9223372036854775807,0,9223372036854775807,0,9223372036854775807,0,9223372036854775807,0,9223372036854775807,0,9223372036854775807,0,9223372036854775807,0,9223372036854775807,0,9223372036854775807,0,9223372036854775807,0,9223372036854775807,0,9223372036854775807,0,9223372036854775807,0,9223372036854775807,0,9223372036854775807,0,0,0,0,9223372036854775807,9223372036854775807,9223372036854775807,0,0,0,0,0,0,0,0,0,0,0,0,0,0,0,0,0,0,0,0,0,0,0,0,0,0,0,0,1,0,6,1,0,3,1,0,50,0,0,0,0,0,0,0,0,0,0,0,0,0,0,0,0,0,0,0,0,0,0,0,0,0,0,0,0,0,0,0,0,0,0,0,0,0,0,0,1,0,50,0,0,0,0,0,0,0,0,0,0,0,0,0,0,0,0,0,0,0,0,0,0,0,0,0,0,0,0,0,0,0,0,0,0,0,0,1,0,6,0,0,0,0,0,0,0,0,0,0,0,0,0,0,0,0,0,0,0,0,0,0,0,0,0,0,0,0,0,0,0,0,0,0,0,0,0,0,0,0,0,0,0,0,0,0,0,0,0,0,0,0,0,0,0,0,0,0,0,0,0,0,0,1,0,9,0,0,0,0,0,0,0,0,0,0,0,0,0,0,0,0,0,0,1,0,9,0,0,0,0,0,0,0,0,0,0,0,0,1,0,9,0,0,0,0,0,0,0,0,0,0,0,0,0,0,0,0,0,0,1,0,9,0,0,0,0,0,0,0,0,0,1,0,5,0,0,0,1,0,50,0,0,0,0,0,0,0,0,0,1,0,11,1,0,11,1,0,11,0,0,0,1,0,11,0,0,0,1,0,101
1,20,0.0,0.0,0.0,0.0,13,6994,0.024,0.0199166666667,3.17424242424e-06,-461538.461538,252,2016,0.005,0.000996015936255,5.23984063745e-07,0.0,3,144,0.1,0.1,0.0,0.0,0,0,0,0,0,0.0,1,20,0.0,0.0,0.0,0.0,238,143990,0.042,0.000864978902954,2.90071157835e-05,0.0,0,0,0,0,0,0.0,0,0,0,0,0,0.0,1,20,0.0,0.0,0.0,0.0,1,326,0.0,0.0,0,0.0,13,7670,0.036,0.0196666666667,0.000237878787879,13461538.4615,0,0,0,0,0,0.0,0,0,0,0,0,0.0,2,746,0.000999999999999,0.000999999999999,0.0,161500000.0,3,28051,0.099,0.0975,4.5e-06,161333333.333,0,0,0,0,0,0.0,0,0,0,0,0,0.0,0,0,0,0,0,0.0,0,0,0,0,0,0.0,3,460,0.103,0.0965,8.45e-05,191000000.0,0,0,0,0,0,0.0,0,0,0,0,0,0.0,0,0,0.0,0.0,0,0.0,3,144,0.1,0.1,0.0,0.0,13,9334,0.038,0.0193333333333,0.000242060606061,12153846.1538,0,0,0,0,0,0.0,0,0,0,0,0,0.0,0,0,0,0,0,0.0,2,142,0.197,0.197,0.0,-500000.0,0,0,0,0,0,0.0,0,0,0,0,0,0.0,0,0,0,0,0,0.0,0,0,0,0,0,0.0,0,0,0,0,0,0.0,0,0,0,0,0,0.0,0,0,0,0,0,0.0,1,760,0.0,0.0,0,0.0,2,144,0.2,0.2,0.0,0.0,0,0,0,0,0,0.0,0,0,0,0,0,0.0,0,0,0,0,0,0.0,0,0,0,0,0,0.0,0,0,0,0,0,0.0,0,0,0,0,0,0.0,0,0,0,0,0,0.0,0,0,0,0,0,0.0,1,20,0.0,0.0,0.0,0.0,1,668,0.0,0.0,0,0.0,0,0,0,0,0,0.0,0,0,0,0,0,0.0,0,0,0,0,0,0.0,0,0,0,0,0,0.0,0,0,0,0,0,0.0,0,0,0,0,0,0.0,0,0,0,0,0,0.0,0,0,0,0,0,0.0,2,40,0.199,0.199,0.0,500000.0,0,0,0,0,0,0.0,0,0,0,0,0,0.0,2,13050,0.105,0.105,0.0,37500000.0,0,0,0,0,0,0.0,0,0,0,0,0,0.0,0,0,0,0,0,0.0,0,0,0,0,0,0.0,0,0,0,0,0,0.0,0,0,0,0,0,0.0,2,17728,0.106,0.106,0.0,14000000.0,0,0,0,0,0,0.0,0,0,0,0,0,0.0,0,0,0,0,0,0.0,0,0,0,0,0,0.0,2,142,0.109,0.109,0.0,34500000.0,0,0,0,0,0,0.0,0,0,0,0,0,0.0,0,0,0,0,0,0.0,0,0,0,0,0,0.0,0,0,0,0,0,0.0,0,0,0,0,0,0.0,3,459,0.12,0.113,9.8e-05,62333333.3333,0,0,0,0,0,0.0,0,0,0,0,0,0.0,16,3059,0.0,0.0,0.0,0.0,1,20,0.0,0.0,0,0.0,2,40,0.201,0.201,0,-500000.0,12,2892,0.025,0.0198181818182,6.56363636364e-06,1083333.33333,1,20,0.0,0.0,0,0.0,1,20,0.0,0.0,0,1000000.0,0,0,0,0,0,0.0,2,726,0.097,0.097,0.0,6500000.0,2,10796,0.101,0.101,0.0,3500000.0,2,26812,0.101,0.101,0.0,3500000.0,0,0,0,0,0,0.0,2,150,0.101,0.101,0.0,3500000.0,10,1589,0.07,0.0262222222222,0.000555194444444,0.0,47,48889,0.019,0.00515217391304,3.47541062802e-05,0.0,0,0,-3.73245652341e-06,4.44628186367e-05,-4.25364731793e-05,-0.451093854252,-3.92530016908e-05,0.493396074034,-0.000380103406934,-0.000894119678617,4.13945411601e-05,4.78201606731e-05,5.74112198182e-05,-4.07078951688e-05,4.95159322789e-06,0.0,0.0,0.0,0.0,0.0,0.0,0.0,0.0,0.0,0.0,0.0,0.0,0.0,-0.000778566649287,0.0145800685099,-1.8063455647e-05,-0.0978520206181,9.63099442626e-05,0.114219863492,-0.00899682893636,-0.0102536136879,0.00998538239483,0.0185191775209,0.0415983967081,-0.0403446666886,-0.000101435814037,0,0,0,0,9223372036854775807,0,9223372036854775807,0,9223372036854775807,0,9223372036854775807,0,9223372036854775807,0,9223372036854775807,6.0,11.0,0.0,5.91999988556,5.50381676004,10469376.0,10469376.0,10469376.0,0.0,486219776.0,486219776.0,486219776.0,0.0,0.0,0.0,9.22337203685e+18,0.0,9.22337203685e+18,0.0,9.22337203685e+18,0.0,9.22337203685e+18,0.0,9.22337203685e+18,0.0,9.22337203685e+18,11.0,40.5,0.0,18.4599998474,15.2037166861,64987136.0,64987136.0,64987136.0,0.0,962248704.0,962248704.0,962248704.0,0.0,0,0,9223372036854775807,0,9223372036854775807,0,9223372036854775807,0,9223372036854775807,0,9223372036854775807,0,9223372036854775807,0,9223372036854775807,0,9223372036854775807,0,9223372036854775807,0,9223372036854775807,0,9223372036854775807,0,9223372036854775807,0,9223372036854775807,0,9223372036854775807,0,9223372036854775807,0,9223372036854775807,0,9223372036854775807,0,9223372036854775807,0,9223372036854775807,0,9223372036854775807,0,9223372036854775807,0,9223372036854775807,0,0,0,0,9223372036854775807,9223372036854775807,9223372036854775807,0,0,0,0,0,0,0,0,0,0,0,0,0,0,0,0,1,0,5,0,0,0,0,0,0,0,0,0,1,0,6,0,0,0,0,0,0,0,0,0,0,0,0,1,0,14,1,0,11,0,0,0,0,0,0,0,0,0,0,0,0,1,0,11,0,0,0,0,0,0,0,0,0,0,0,0,1,0,40,0,0,0,0,0,0,0,0,0,0,0,0,0,0,0,0,0,0,0,0,0,0,0,0,0,0,0,0,0,0,0,0,0,1,0,3,0,0,0,0,0,0,0,0,0,0,0,0,0,0,0,0,0,0,0,0,0,0,0,0,0,0,0,0,0,0,0,0,0,0,0,0,0,0,0,0,0,0,0,0,0,0,0,0,0,0,0,0,0,0,0,0,0,1,0,6,0,0,0,0,0,0,0,0,0,0,0,0,0,0,0,0,0,0,0,0,0,0,0,0,0,0,0,0,0,0,0,0,0,0,0,0,0,0,0,0,0,0,0,0,0,0,0,0,0,0,0,0,0,0,0,0,0,0,0,0,0,0,0,0,0,0,0,0,0,0,0,0,0,0,0,0,0,0,1,0,6,0,0,0,0,0,0,1,0,6,0,0,0,0,0,0,0,0,0,0,0,0,0,0,0,0,0,0,0,0,0,0,0,0
1,20,0.0,0.0,0.0,1000000.0,12,6456,0.041,0.0193636363636,0.000353254545455,15833333.3333,250,2000,0.009,0.00100401606426,1.19756445135e-06,0.0,2,96,0.099,0.099,0.0,0.0,1,574,0,0,0,0.0,1,20,0.0,0.0,0.0,2000000.0,253,153065,0.037,0.00090873015873,2.8258568899e-05,0.0,0,0,0,0,0,0.0,0,0,0,0,0,0.0,1,20,0.0,0.0,0.0,0.0,0,0,0.0,0.0,0,0.0,12,7080,0.04,0.0196363636364,0.000358254545455,20833333.3333,0,0,0,0,0,0.0,0,0,0,0,0,0.0,2,746,0.0,0.0,0.0,166000000.0,2,18669,0.118,0.118,0.0,176500000.0,0,0,0,0,0,0.0,0,0,0,0,0,0.0,0,0,0,0,0,0.0,0,0,0,0,0,0.0,2,294,0.109,0.109,0.0,213000000.0,0,0,0,0,0,0.0,0,0,0,0,0,0.0,0,0,0.0,0.0,0,0.0,2,96,0.091,0.091,0.0,0.0,12,8616,0.046,0.019,0.000356,15083333.3333,0,0,0,0,0,0.0,0,0,0,0,0,0.0,0,0,0,0,0,0.0,1,71,0.0,0.0,0.0,-1000000.0,0,0,0,0,0,0.0,0,0,0,0,0,0.0,0,0,0,0,0,0.0,0,0,0,0,0,0.0,0,0,0,0,0,0.0,0,0,0,0,0,0.0,0,0,0,0,0,0.0,1,760,0.0,0.0,0,0.0,1,72,0.0,0.0,0.0,0.0,0,0,0,0,0,0.0,0,0,0,0,0,0.0,0,0,0,0,0,0.0,0,0,0,0,0,0.0,0,0,0,0,0,0.0,0,0,0,0,0,0.0,0,0,0,0,0,0.0,0,0,0,0,0,0.0,1,20,0.0,0.0,0.0,0.0,1,668,0.0,0.0,0,0.0,0,0,0,0,0,0.0,0,0,0,0,0,0.0,0,0,0,0,0,0.0,0,0,0,0,0,0.0,0,0,0,0,0,0.0,0,0,0,0,0,0.0,0,0,0,0,0,0.0,0,0,0,0,0,0.0,1,20,0.0,0.0,0.0,0.0,0,0,0,0,0,0.0,0,0,0,0,0,0.0,2,13050,0.122,0.122,0.0,37500000.0,0,0,0,0,0,0.0,0,0,0,0,0,0.0,0,0,0,0,0,0.0,0,0,0,0,0,0.0,0,0,0,0,0,0.0,0,0,0,0,0,0.0,2,17728,0.128,0.128,0.0,17500000.0,0,0,0,0,0,0.0,0,0,0,0,0,0.0,0,0,0,0,0,0.0,0,0,0,0,0,0.0,2,142,0.123,0.123,0.0,37000000.0,0,0,0,0,0,0.0,0,0,0,0,0,0.0,0,0,0,0,0,0.0,0,0,0,0,0,0.0,0,0,0,0,0,0.0,0,0,0,0,0,0.0,2,301,0.123,0.123,0.0,68000000.0,0,0,0,0,0,0.0,0,0,0,0,0,0.0,0,0,0.0,0.0,0.0,0.0,1,20,0.0,0.0,0,2000000.0,1,20,0.0,0.0,0,0.0,13,3133,0.027,0.0200833333333,1.31742424242e-05,1461538.46154,2,40,0.208,0.208,0,1500000.0,1,20,0.0,0.0,0,2000000.0,0,0,0,0,0,0.0,3,1089,0.119,0.107,0.000288,6666666.66667,3,16194,0.112,0.107,5e-05,4333333.33333,3,40218,0.112,0.107,5e-05,4333333.33333,0,0,0,0,0,0.0,3,225,0.112,0.107,5e-05,4333333.33333,8,1053,0.061,0.0225714285714,0.000802285714286,0.0,49,46891,0.024,0.00510416666667,4.27761524823e-05,0.0,0,0,-3.83891403732e-06,5.65572240161e-05,-4.25030372684e-05,-0.472883641627,-3.92626773129e-05,0.517300411897,-0.000383239639704,-0.000894049861181,4.1500404488e-05,4.79842662822e-05,5.68925003286e-05,-4.045539448e-05,4.97094235552e-06,0.0,0.0,0.0,0.0,0.0,0.0,0.0,0.0,0.0,0.0,0.0,0.0,0.0,-0.000637065583242,0.017073587676,-1.74952621852e-05,-0.101706891928,9.47675715679e-05,0.120819733987,-0.010845099566,-0.010908677585,0.0101484852345,0.0185959384241,0.0411707405468,-0.0399759711978,-0.000109709722998,0,0,0,0,9223372036854775807,0,9223372036854775807,0,9223372036854775807,0,9223372036854775807,0,9223372036854775807,0,9223372036854775807,0.0,0.0,9.22337203685e+18,0.0,9.22337203685e+18,0.0,9.22337203685e+18,0.0,9.22337203685e+18,0.0,9.22337203685e+18,0.0,9.22337203685e+18,0.0,0.0,9.22337203685e+18,0.0,9.22337203685e+18,0.0,9.22337203685e+18,0.0,9.22337203685e+18,0.0,9.22337203685e+18,0.0,9.22337203685e+18,0.0,0.0,9.22337203685e+18,0.0,9.22337203685e+18,0.0,9.22337203685e+18,0.0,9.22337203685e+18,0.0,9.22337203685e+18,0.0,9.22337203685e+18,0,0,9223372036854775807,0,9223372036854775807,0,9223372036854775807,0,9223372036854775807,0,9223372036854775807,0,9223372036854775807,0,9223372036854775807,0,9223372036854775807,0,9223372036854775807,0,9223372036854775807,0,9223372036854775807,0,9223372036854775807,0,9223372036854775807,0,9223372036854775807,0,9223372036854775807,0,9223372036854775807,0,9223372036854775807,0,9223372036854775807,0,9223372036854775807,0,9223372036854775807,0,9223372036854775807,0,9223372036854775807,0,0,0,0,9223372036854775807,9223372036854775807,9223372036854775807,0,0,0,0,0,0,0,0,0,0,2,0,21,1,0,1,0,0,0,0,0,0,0,0,0,0,0,0,0,0,0,0,0,0,0,0,0,0,0,0,0,0,0,0,0,0,0,0,0,0,0,0,0,0,0,0,0,0,0,0,0,0,0,0,0,0,0,0,0,0,0,0,0,2,0,21,0,0,0,0,0,0,0,0,0,0,0,0,0,0,0,0,0,0,0,0,0,0,0,0,0,0,0,0,0,0,0,0,0,0,0,0,0,0,0,0,0,0,0,0,0,0,0,0,0,0,0,0,0,0,0,0,0,0,0,0,0,0,0,0,0,0,0,0,0,0,0,0,0,0,0,0,0,0,0,0,0,0,0,0,0,0,0,0,0,0,0,0,0,0,0,0,0,0,0,0,0,0,0,0,0,0,0,0,0,0,0,0,0,0,0,0,0,0,0,0,0,0,0,0,0,0,0,0,0,0,0,0,0,0,0,0,0,0,0,0,0,0,0,0,0,0,0,0,0,0,0,0,0,0,0,0,0,0,0,0,0,0,0,0,0,0,0,0,0,0,0,0,0,0,0,0,0,0,0,0,0,0,0,1,0,6,0,0,0,0,0,0,0,0,0,2,0,20,0,0,0,0,0,0,0,0,0,0,0,0,0,0,0
2,40,0.21,0.21,0.0,5500000.0,12,6456,0.037,0.0189090909091,0.000250690909091,10250000.0,251,2008,0.01,0.001,9.71887550201e-07,0.0,3,144,0.099,0.0975,4.5e-06,0.0,0,0,0,0,0,0.0,1,20,0.0,0.0,0.0,0.0,256,154880,0.037,0.000882352941176,2.83719314497e-05,0.0,0,0,0,0,0,0.0,0,0,0,0,0,0.0,1,20,0.0,0.0,0.0,-8000000.0,1,326,0.0,0.0,0,0.0,12,7080,0.038,0.0185454545455,0.000285872727273,12166666.6667,0,0,0,0,0,0.0,0,0,0,0,0,0.0,4,1492,0.1,0.0333333333333,0.00333333333333,156000000.0,3,28035,0.115,0.107,0.000128,168666666.667,0,0,0,0,0,0.0,0,0,0,0,0,0.0,0,0,0,0,0,0.0,0,0,0,0,0,0.0,2,316,0.1,0.1,0.0,195000000.0,0,0,0,0,0,0.0,0,0,0,0,0,0.0,0,0,0.0,0.0,0,0.0,3,144,0.104,0.1015,1.25e-05,0.0,11,7898,0.035,0.0204,0.000252266666667,13363636.3636,0,0,0,0,0,0.0,0,0,0,0,0,0.0,0,0,0,0,0,0.0,1,71,0.0,0.0,0.0,0.0,0,0,0,0,0,0.0,0,0,0,0,0,0.0,0,0,0,0,0,0.0,0,0,0,0,0,0.0,0,0,0,0,0,0.0,0,0,0,0,0,0.0,0,0,0,0,0,0.0,1,790,0.0,0.0,0,-1000000.0,1,72,0.0,0.0,0.0,-1000000.0,0,0,0,0,0,0.0,0,0,0,0,0,0.0,0,0,0,0,0,0.0,0,0,0,0,0,0.0,0,0,0,0,0,0.0,0,0,0,0,0,0.0,0,0,0,0,0,0.0,0,0,0,0,0,0.0,2,40,0.199,0.199,0.0,500000.0,1,668,0.0,0.0,0,0.0,0,0,0,0,0,0.0,0,0,0,0,0,0.0,0,0,0,0,0,0.0,0,0,0,0,0,0.0,0,0,0,0,0,0.0,0,0,0,0,0,0.0,0,0,0,0,0,0.0,0,0,0,0,0,0.0,1,20,0.0,0.0,0.0,-1000000.0,0,0,0,0,0,0.0,0,0,0,0,0,0.0,2,13050,0.12,0.12,0.0,44000000.0,0,0,0,0,0,0.0,0,0,0,0,0,0.0,0,0,0,0,0,0.0,0,0,0,0,0,0.0,0,0,0,0,0,0.0,0,0,0,0,0,0.0,2,17728,0.118,0.118,0.0,13000000.0,0,0,0,0,0,0.0,0,0,0,0,0,0.0,0,0,0,0,0,0.0,0,0,0,0,0,0.0,2,142,0.119,0.119,0.0,42500000.0,0,0,0,0,0,0.0,0,0,0,0,0,0.0,0,0,0,0,0,0.0,0,0,0,0,0,0.0,0,0,0,0,0,0.0,0,0,0,0,0,0.0,2,292,0.119,0.119,0.0,67500000.0,0,0,0,0,0,0.0,0,0,0,0,0,0.0,18,3425,0.003,0.000294117647059,5.95588235294e-07,0.0,2,40,0.199,0.199,0,0.0,1,20,0.0,0.0,0,0.0,12,2892,0.029,0.0199090909091,2.04909090909e-05,750000.0,1,20,0.0,0.0,0,0.0,2,40,0.2,0.2,0,500000.0,0,0,0,0,0,0.0,2,726,0.102,0.102,0.0,4000000.0,2,10796,0.102,0.102,0.0,4000000.0,2,26812,0.102,0.102,0.0,4000000.0,0,0,0,0,0,0.0,2,150,0.102,0.102,0.0,4000000.0,11,1604,0.042,0.0208,0.000261288888889,0.0,44,44914,0.028,0.00527906976744,4.48250276855e-05,0.0,0,0,-3.81048409448e-06,5.69118434077e-05,-4.22763851526e-05,-0.494708997461,-3.92344678497e-05,0.54150191431,-0.0003831402342,-0.000894076950255,4.147029588e-05,4.79739878925e-05,5.69060296725e-05,-4.04409216294e-05,4.97083599615e-06,0.0,0.0,0.0,0.0,0.0,0.0,0.0,0.0,0.0,0.0,0.0,0.0,0.0,-0.00063067954185,0.0169358213607,-1.75037203154e-05,-0.10211121675,9.41796191221e-05,0.121769887061,-0.0108338583403,-0.0109250109832,0.010137025644,0.0185872424224,0.0411805834211,-0.0399777127067,-0.000110665947683,0,0,0,0,9223372036854775807,0,9223372036854775807,0,9223372036854775807,0,9223372036854775807,0,9223372036854775807,0,9223372036854775807,6.0,10.6999998093,0.0,5.92000007629,5.43387527651,10469376.0,10469376.0,10469376.0,0.0,486219776.0,486219776.0,486219776.0,0.0,6.0,10.6999998093,0.0,6.06000003815,5.54418616849,15544320.0,15544320.0,15544320.0,0.0,472285184.0,472285184.0,472285184.0,0.0,11.0,30.7999992371,9.5,18.1799995422,8.54265731198,64987136.0,64987136.0,64987136.0,0.0,962248704.0,962248704.0,962248704.0,0.0,0,0,9223372036854775807,0,9223372036854775807,0,9223372036854775807,0,9223372036854775807,0,9223372036854775807,0,9223372036854775807,0,9223372036854775807,0,9223372036854775807,0,9223372036854775807,0,9223372036854775807,0,9223372036854775807,0,9223372036854775807,0,9223372036854775807,0,9223372036854775807,0,9223372036854775807,0,9223372036854775807,0,9223372036854775807,0,9223372036854775807,0,9223372036854775807,0,9223372036854775807,0,9223372036854775807,0,9223372036854775807,0,0,0,0,9223372036854775807,9223372036854775807,9223372036854775807,0,2,0,12,1,0,49,0,0,0,0,0,0,0,0,0,0,0,0,0,0,0,0,0,0,0,0,0,0,0,0,0,0,0,2,2,102,0,0,0,0,0,0,0,0,0,0,0,0,0,0,0,0,0,0,0,0,0,0,0,0,0,0,0,0,0,0,0,0,0,0,0,0,0,0,0,0,0,0,0,0,0,0,0,0,0,0,0,1,0,6,0,0,0,0,0,0,0,0,0,0,0,0,0,0,0,0,0,0,0,0,0,0,0,0,0,0,0,0,0,0,0,0,0,0,0,0,0,0,0,0,0,0,0,0,0,0,0,0,0,0,0,0,0,0,1,0,4,0,0,0,0,0,0,0,0,0,0,0,0,0,0,0,0,0,0,0,0,0,0,0,0,0,0,0,0,0,0,0,0,0,0,0,0,0,0,0,0,0,0,0,0,0,0,0,0,0,0,0,0,0,0,0,0,0,0,0,0,0,0,0,0,0,0,0,0,0,0,0,0,0,0,0,0,0,0,0,0,0,0,0,0,0,0,0,0,0,0,0,0,0,0,0,0,0,0,0,1,0,48,0,0,0,0,0,0,1,0,51,0,0,0,0,0,0,0,0,0,0,0,0,1,0,11,0,0,0,0,0,0,0,0,0,0,0,0,1,0,161
1,20,0.0,0.0,0.0,0.0,13,6994,0.035,0.0188333333333,0.000247606060606,14307692.3077,251,2008,0.012,0.001,1.42168674699e-06,0.0,2,96,0.1,0.1,0.0,0.0,0,0,0,0,0,0.0,2,40,0.191,0.191,0.0,-4000000.0,240,145200,0.036,0.000882845188285,2.44231918709e-05,0.0,0,0,0,0,0,0.0,0,0,0,0,0,0.0,2,40,0.2,0.2,0.0,0.0,0,0,0.0,0.0,0,0.0,13,7670,0.036,0.0190833333333,0.000274810606061,14461538.4615,0,0,0,0,0,0.0,0,0,0,0,0,0.0,4,1492,0.088,0.0293333333333,0.00258133333333,158500000.0,2,18733,0.097,0.097,0.0,168000000.0,0,0,0,0,0,0.0,0,0,0,0,0,0.0,0,0,0,0,0,0.0,0,0,0,0,0,0.0,3,470,0.094,0.0875,8.45e-05,198000000.0,0,0,0,0,0,0.0,0,0,0,0,0,0.0,0,0,0.0,0.0,0,0.0,2,96,0.1,0.1,0.0,0.0,14,10052,0.042,0.0176153846154,0.000294423076923,12642857.1429,0,0,0,0,0,0.0,0,0,0,0,0,0.0,0,0,0,0,0,0.0,1,71,0.0,0.0,0.0,0.0,0,0,0,0,0,0.0,0,0,0,0,0,0.0,0,0,0,0,0,0.0,0,0,0,0,0,0.0,0,0,0,0,0,0.0,0,0,0,0,0,0.0,0,0,0,0,0,0.0,0,0,0.0,0.0,0,0.0,1,72,0.0,0.0,0.0,0.0,0,0,0,0,0,0.0,0,0,0,0,0,0.0,0,0,0,0,0,0.0,0,0,0,0,0,0.0,0,0,0,0,0,0.0,0,0,0,0,0,0.0,0,0,0,0,0,0.0,0,0,0,0,0,0.0,1,20,0.0,0.0,0.0,0.0,1,668,0.0,0.0,0,0.0,0,0,0,0,0,0.0,0,0,0,0,0,0.0,0,0,0,0,0,0.0,0,0,0,0,0,0.0,0,0,0,0,0,0.0,0,0,0,0,0,0.0,0,0,0,0,0,0.0,0,0,0,0,0,0.0,1,20,0.0,0.0,0.0,-5000000.0,0,0,0,0,0,0.0,0,0,0,0,0,0.0,2,13050,0.117,0.117,0.0,38000000.0,0,0,0,0,0,0.0,0,0,0,0,0,0.0,0,0,0,0,0,0.0,0,0,0,0,0,0.0,0,0,0,0,0,0.0,0,0,0,0,0,0.0,3,26592,0.11,0.108,8e-06,6666666.66667,0,0,0,0,0,0.0,0,0,0,0,0,0.0,0,0,0,0,0,0.0,0,0,0,0,0,0.0,2,142,0.104,0.104,0.0,30500000.0,0,0,0,0,0,0.0,0,0,0,0,0,0.0,0,0,0,0,0,0.0,0,0,0,0,0,0.0,0,0,0,0,0,0.0,0,0,0,0,0,0.0,2,321,0.11,0.11,0.0,54500000.0,0,0,0,0,0,0.0,0,0,0,0,0,0.0,0,0,0.0,0.0,0.0,0.0,1,20,0.0,0.0,0,1000000.0,1,20,0.0,0.0,0,1000000.0,13,3133,0.026,0.02,1.14545454545e-05,1076923.07692,1,20,0.0,0.0,0,1000000.0,1,20,0.0,0.0,0,0.0,0,0,0,0,0,0.0,3,1089,0.103,0.101,8e-06,8666666.66667,3,16194,0.104,0.096,0.000128,4666666.66667,3,40218,0.104,0.096,0.000128,4666666.66667,0,0,0,0,0,0.0,3,225,0.104,0.096,0.000128,4666666.66667,20,2830,0.05,0.0116842105263,0.000237894736842,0.0,48,46524,0.019,0.0051914893617,3.30277520814e-05,0.0,0,0,-4.28658847174e-06,5.02923311974e-05,-4.15932010851e-05,-0.518386516059,2.09962928048e-05,0.568042983581,-0.000373361917479,-0.000894019379611,4.12381057426e-05,4.73071537694e-05,5.84946643913e-05,-4.15153251234e-05,4.93450235517e-06,0.0,0.0,0.0,0.0,0.0,0.0,0.0,0.0,0.0,0.0,0.0,0.0,0.0,-0.00159388293087,0.00960873517454,-1.90717382866e-05,-0.0872597809008,0.000104308722614,0.10242812753,-0.00504260165574,-0.00870088151433,0.00946852415697,0.0181505570301,0.0425592808525,-0.0414954431872,-5.78972032513e-05,0,0,0,0,9223372036854775807,0,9223372036854775807,0,9223372036854775807,0,9223372036854775807,0,9223372036854775807,0,9223372036854775807,0.0,0.0,9.22337203685e+18,0.0,9.22337203685e+18,0.0,9.22337203685e+18,0.0,9.22337203685e+18,0.0,9.22337203685e+18,0.0,9.22337203685e+18,0.0,0.0,9.22337203685e+18,0.0,9.22337203685e+18,0.0,9.22337203685e+18,0.0,9.22337203685e+18,0.0,9.22337203685e+18,0.0,9.22337203685e+18,0.0,0.0,9.22337203685e+18,0.0,9.22337203685e+18,0.0,9.22337203685e+18,0.0,9.22337203685e+18,0.0,9.22337203685e+18,0.0,9.22337203685e+18,0,0,9223372036854775807,0,9223372036854775807,0,9223372036854775807,0,9223372036854775807,0,9223372036854775807,0,9223372036854775807,0,9223372036854775807,0,9223372036854775807,0,9223372036854775807,0,9223372036854775807,0,9223372036854775807,0,9223372036854775807,0,9223372036854775807,0,9223372036854775807,0,9223372036854775807,0,9223372036854775807,0,9223372036854775807,0,9223372036854775807,0,9223372036854775807,0,9223372036854775807,0,9223372036854775807,0,9223372036854775807,0,0,0,0,9223372036854775807,9223372036854775807,9223372036854775807,0,0,0,0,0,0,0,0,0,0,0,0,0,0,0,0,0,0,0,0,0,0,0,0,0,0,0,0,1,0,6,0,0,0,1,0,50,0,0,0,0,0,0,0,0,0,0,0,0,0,0,0,0,0,0,0,0,0,0,0,0,0,0,0,0,0,0,0,0,0,0,0,0,0,0,0,1,0,51,0,0,0,0,0,0,0,0,0,0,0,0,0,0,0,0,0,0,0,0,0,0,0,0,0,0,0,0,0,0,0,0,0,0,0,0,0,0,0,0,0,0,0,0,0,0,0,0,0,0,0,0,0,0,0,0,0,0,0,0,0,0,0,2,0,12,0,0,0,0,0,0,0,0,0,0,0,0,0,0,0,0,0,0,0,0,0,0,0,0,0,0,0,0,0,0,0,0,0,0,0,0,1,0,9,0,0,0,0,0,0,0,0,0,0,0,0,0,0,0,0,0,0,1,0,9,0,0,0,0,0,0,0,0,0,0,0,0,1,0,9,0,0,0,0,0,0,0,0,0,0,0,0,0,0,0,0,0,0,1,0,9,0,0,0,0,0,0,0,0,0,0,0,0,0,0,0,1,0,51,0,0,0,0,0,0,0,0,0,1,0,10,1,0,10,1,0,10,0,0,0,1,0,10,0,0,0,5,0,745
1,20,0.0,0.0,0.0,0.0,11,5918,0.038,0.0197,0.000227344444444,10818181.8182,251,2008,0.011,0.001,2.08032128514e-06,0.0,3,144,0.103,0.1,1.8e-05,0.0,0,0,0,0,0,0.0,1,20,0.0,0.0,0.0,0.0,260,157300,0.041,0.00088416988417,2.81338182036e-05,0.0,0,0,0,0,0,0.0,0,0,0,0,0,0.0,1,20,0.0,0.0,0.0,-1000000.0,1,326,0.0,0.0,0,0.0,12,7080,0.041,0.0189090909091,0.000296290909091,13333333.3333,0,0,0,0,0,0.0,0,0,0,0,0,0.0,2,746,0.0,0.0,0.0,154000000.0,3,28066,0.137,0.1165,0.0008405,170666666.667,0,0,0,0,0,0.0,0,0,0,0,0,0.0,0,0,0,0,0,0.0,0,0,0,0,0,0.0,2,309,0.098,0.098,0.0,185000000.0,0,0,0,0,0,0.0,0,0,0,0,0,0.0,0,0,0.0,0.0,0,0.0,3,144,0.103,0.1,1.8e-05,0.0,12,8616,0.038,0.0189090909091,0.000265490909091,12166666.6667,0,0,0,0,0,0.0,0,0,0,0,0,0.0,0,0,0,0,0,0.0,2,142,0.192,0.192,0.0,-3500000.0,0,0,0,0,0,0.0,0,0,0,0,0,0.0,0,0,0,0,0,0.0,0,0,0,0,0,0.0,0,0,0,0,0,0.0,0,0,0,0,0,0.0,0,0,0,0,0,0.0,1,790,0.0,0.0,0,-1000000.0,2,144,0.2,0.2,0.0,-500000.0,0,0,0,0,0,0.0,0,0,0,0,0,0.0,0,0,0,0,0,0.0,0,0,0,0,0,0.0,0,0,0,0,0,0.0,0,0,0,0,0,0.0,0,0,0,0,0,0.0,0,0,0,0,0,0.0,1,20,0.0,0.0,0.0,0.0,1,668,0.0,0.0,0,0.0,0,0,0,0,0,0.0,0,0,0,0,0,0.0,0,0,0,0,0,0.0,0,0,0,0,0,0.0,0,0,0,0,0,0.0,0,0,0,0,0,0.0,0,0,0,0,0,0.0,0,0,0,0,0,0.0,2,40,0.192,0.192,0.0,-4000000.0,0,0,0,0,0,0.0,0,0,0,0,0,0.0,3,19575,0.122,0.1115,0.0002205,34333333.3333,0,0,0,0,0,0.0,0,0,0,0,0,0.0,0,0,0,0,0,0.0,0,0,0,0,0,0.0,0,0,0,0,0,0.0,0,0,0,0,0,0.0,2,17728,0.12,0.12,0.0,13500000.0,0,0,0,0,0,0.0,0,0,0,0,0,0.0,0,0,0,0,0,0.0,0,0,0,0,0,0.0,3,213,0.122,0.112,0.0002,34000000.0,0,0,0,0,0,0.0,0,0,0,0,0,0.0,0,0,0,0,0,0.0,0,0,0,0,0,0.0,0,0,0,0,0,0.0,0,0,0,0,0,0.0,2,304,0.103,0.103,0.0,58500000.0,0,0,0,0,0,0.0,0,0,0,0,0,0.0,12,2292,0.0,0.0,0.0,0.0,1,20,0.0,0.0,0,1000000.0,2,40,0.199,0.199,0,-500000.0,12,2892,0.027,0.0201818181818,1.11636363636e-05,-333333.333333,1,20,0.0,0.0,0,-3000000.0,1,20,0.0,0.0,0,0.0,0,0,0,0,0,0.0,2,726,0.105,0.105,0.0,9500000.0,2,10796,0.104,0.104,0.0,9000000.0,2,26812,0.104,0.104,0.0,9000000.0,0,0,0,0,0,0.0,2,150,0.104,0.104,0.0,9000000.0,8,1238,0.084,0.03,0.00106266666667,0.0,42,40348,0.021,0.00556097560976,3.64024390244e-05,0.0,0,0,-3.9463251662e-06,-2.772402049e-05,-4.10392502559e-05,-0.540303952337,2.07875310174e-05,0.592876252008,-0.000370907556261,-0.000894232040476,4.1066772023e-05,4.7034988568e-05,6.04999544471e-05,-4.17335587083e-05,4.8560999053e-06,0.0,0.0,0.0,0.0,0.0,0.0,0.0,0.0,0.0,0.0,0.0,0.0,0.0,-0.00151976244686,0.0011961384868,-1.77444346743e-05,-0.0845620524375,0.000114878679644,0.0904600614865,-0.000719438224319,-0.0053615873058,0.00921570112404,0.0181291262119,0.0437962153327,-0.0422256573743,3.01789765751e-05,0,0,0,0,9223372036854775807,0,9223372036854775807,0,9223372036854775807,0,9223372036854775807,0,9223372036854775807,0,9223372036854775807,6.0,10.6999998093,0.0,3.76000003815,5.23000957608,10469376.0,10469376.0,10469376.0,0.0,486219776.0,486219776.0,486219776.0,0.0,0.0,0.0,9.22337203685e+18,0.0,9.22337203685e+18,0.0,9.22337203685e+18,0.0,9.22337203685e+18,0.0,9.22337203685e+18,0.0,9.22337203685e+18,0.0,0.0,9.22337203685e+18,0.0,9.22337203685e+18,0.0,9.22337203685e+18,0.0,9.22337203685e+18,0.0,9.22337203685e+18,0.0,9.22337203685e+18,0,0,9223372036854775807,0,9223372036854775807,0,9223372036854775807,0,9223372036854775807,0,9223372036854775807,0,9223372036854775807,0,9223372036854775807,0,9223372036854775807,0,9223372036854775807,0,9223372036854775807,0,9223372036854775807,0,9223372036854775807,0,9223372036854775807,0,9223372036854775807,0,9223372036854775807,0,9223372036854775807,0,9223372036854775807,0,9223372036854775807,0,9223372036854775807,0,9223372036854775807,0,9223372036854775807,0,9223372036854775807,0,0,0,0,9223372036854775807,9223372036854775807,9223372036854775807,0,0,0,0,0,0,0,0,0,0,0,0,0,0,0,0,0,0,0,0,0,0,0,0,0,0,0,0,0,0,0,1,0,3,0,0,0,0,0,0,0,0,0,0,0,0,1,0,10,0,0,0,0,0,0,0,0,0,0,0,0,1,0,11,0,0,0,0,0,0,0,0,0,0,0,0,1,0,43,0,0,0,0,0,0,0,0,0,0,0,0,0,0,0,0,0,0,0,0,0,0,0,0,0,0,0,0,0,0,0,0,0,0,0,0,1,0,6,0,0,0,0,0,0,0,0,0,0,0,0,0,0,0,0,0,0,0,0,0,0,0,0,0,0,0,0,0,0,0,0,0,0,0,0,0,0,0,0,0,0,0,0,0,0,0,0,0,0,0,0,0,0,1,0,6,0,0,0,0,0,0,0,0,0,0,0,0,0,0,0,0,0,0,0,0,0,0,0,0,0,0,0,0,0,0,0,0,0,0,0,0,0,0,0,0,0,0,0,0,0,0,0,0,0,0,0,0,0,0,0,0,0,0,0,0,0,0,0,0,0,0,0,0,0,0,0,0,0,0,0,1,0,6,0,0,0,0,0,0,0,0,0,1,0,5,0,0,0,0,0,0,0,0,0,0,0,0,0,0,0,0,0,0,0,0,0,0,0,0
1,20,0.0,0.0,0.0,0.0,14,7532,0.039,0.0182307692308,0.000248025641026,12714285.7143,250,2000,0.018,0.001,2.28225806452e-06,0.0,2,96,0.096,0.096,0.0,0.0,1,574,0,0,0,9000000.0,1,20,0.0,0.0,0.0,0.0,235,142175,0.036,0.000863247863248,2.5097098419e-05,0.0,0,0,0,0,0,0.0,0,0,0,0,0,0.0,1,20,0.0,0.0,0.0,6000000.0,1,326,0.0,0.0,0,0.0,12,7080,0.046,0.0191818181818,0.000342363636364,14250000.0,0,0,0,0,0,0.0,0,0,0,0,0,0.0,4,1492,0.099,0.033,0.003267,166500000.0,2,18712,0.107,0.107,0.0,170500000.0,0,0,0,0,0,0.0,0,0,0,0,0,0.0,0,0,0,0,0,0.0,0,0,0,0,0,0.0,3,1273,0.103,0.0985,4.05e-05,209333333.333,0,0,0,0,0,0.0,0,0,0,0,0,0.0,0,0,0.0,0.0,0,0.0,2,96,0.102,0.102,0.0,0.0,14,10052,0.041,0.0182307692308,0.000297858974359,8642857.14286,0,0,0,0,0,0.0,0,0,0,0,0,0.0,0,0,0,0,0,0.0,1,71,0.0,0.0,0.0,-4000000.0,0,0,0,0,0,0.0,0,0,0,0,0,0.0,0,0,0,0,0,0.0,0,0,0,0,0,0.0,0,0,0,0,0,0.0,0,0,0,0,0,0.0,0,0,0,0,0,0.0,1,820,0.0,0.0,0,-2000000.0,1,72,0.0,0.0,0.0,-2000000.0,0,0,0,0,0,0.0,0,0,0,0,0,0.0,0,0,0,0,0,0.0,0,0,0,0,0,0.0,0,0,0,0,0,0.0,0,0,0,0,0,0.0,0,0,0,0,0,0.0,0,0,0,0,0,0.0,1,20,0.0,0.0,0.0,0.0,1,668,0.0,0.0,0,0.0,0,0,0,0,0,0.0,0,0,0,0,0,0.0,0,0,0,0,0,0.0,0,0,0,0,0,0.0,0,0,0,0,0,0.0,0,0,0,0,0,0.0,0,0,0,0,0,0.0,0,0,0,0,0,0.0,1,20,0.0,0.0,0.0,0.0,0,0,0,0,0,0.0,0,0,0,0,0,0.0,2,13050,0.138,0.138,0.0,34000000.0,0,0,0,0,0,0.0,0,0,0,0,0,0.0,0,0,0,0,0,0.0,0,0,0,0,0,0.0,0,0,0,0,0,0.0,0,0,0,0,0,0.0,2,17728,0.132,0.132,0.0,10000000.0,0,0,0,0,0,0.0,0,0,0,0,0,0.0,0,0,0,0,0,0.0,0,0,0,0,0,0.0,2,142,0.138,0.138,0.0,34000000.0,0,0,0,0,0,0.0,0,0,0,0,0,0.0,0,0,0,0,0,0.0,0,0,0,0,0,0.0,0,0,0,0,0,0.0,0,0,0,0,0,0.0,2,295,0.114,0.114,0.0,66500000.0,0,0,0,0,0,0.0,0,0,0,0,0,0.0,16,3044,0.0,0.0,0.0,0.0,1,20,0.0,0.0,0,0.0,1,20,0.0,0.0,0,7000000.0,13,3133,0.032,0.02,4.34545454545e-05,1153846.15385,2,40,0.197,0.197,0,500000.0,1,20,0.0,0.0,0,0.0,0,0,0,0,0,0.0,3,1089,0.105,0.1035,4.5e-06,7000000.0,3,16194,0.102,0.101,2e-06,5333333.33333,3,40218,0.102,0.1015,5.00000000001e-07,5666666.66667,0,0,0,0,0,0.0,3,225,0.102,0.1015,5.00000000001e-07,5666666.66667,14,2013,0.054,0.0151538461538,0.000261474358974,0.0,48,46524,0.032,0.00510638297872,4.65753931545e-05,0.0,0,0,-4.0472884395e-06,-2.36901000799e-05,-4.07014023587e-05,-0.562209927281,2.05939316453e-05,0.617855468546,-0.000371289279554,-0.000893861044764,4.11737025825e-05,4.70753204267e-05,6.00938385702e-05,-4.16987415462e-05,4.86754441553e-06,0.0,0.0,0.0,0.0,0.0,0.0,0.0,0.0,0.0,0.0,0.0,0.0,0.0,-0.00155272973435,0.00225361007874,-1.79214549808e-05,-0.0845032278661,0.000114413206491,0.0927470263763,-0.00113253870183,-0.00576786910882,0.00924587590741,0.0181105671638,0.0435252197763,-0.042125934065,2.51577064939e-05,0,0,0,0,9223372036854775807,0,9223372036854775807,0,9223372036854775807,0,9223372036854775807,0,9223372036854775807,0,9223372036854775807,6.0,13.1000003815,0.0,4.4,6.20523978595,10469376.0,10469376.0,10469376.0,0.0,486219776.0,486219776.0,486219776.0,0.0,6.0,10.3999996185,0.0,6.07999992371,5.55310716754,15544320.0,15544320.0,15544320.0,0.0,472285184.0,472285184.0,472285184.0,0.0,0.0,0.0,9.22337203685e+18,0.0,9.22337203685e+18,0.0,9.22337203685e+18,0.0,9.22337203685e+18,0.0,9.22337203685e+18,0.0,9.22337203685e+18,0,0,9223372036854775807,0,9223372036854775807,0,9223372036854775807,0,9223372036854775807,0,9223372036854775807,0,9223372036854775807,0,9223372036854775807,0,9223372036854775807,0,9223372036854775807,0,9223372036854775807,0,9223372036854775807,0,9223372036854775807,0,9223372036854775807,0,9223372036854775807,0,9223372036854775807,0,9223372036854775807,0,9223372036854775807,0,9223372036854775807,0,9223372036854775807,0,9223372036854775807,0,9223372036854775807,0,9223372036854775807,0,0,0,0,9223372036854775807,9223372036854775807,9223372036854775807,0,0,0,0,0,0,0,0,0,0,2,0,20,1,0,1,1,0,6,0,0,0,0,0,0,0,0,0,1,0,6,0,0,0,0,0,0,0,0,0,0,0,0,1,0,14,0,0,0,0,0,0,0,0,0,0,0,0,0,0,0,0,0,0,0,0,0,0,0,0,0,0,0,2,0,21,0,0,0,0,0,0,0,0,0,0,0,0,0,0,0,0,0,0,0,0,0,0,0,0,0,0,0,0,0,0,0,0,0,0,0,0,1,0,4,0,0,0,0,0,0,0,0,0,0,0,0,0,0,0,0,0,0,0,0,0,0,0,0,0,0,0,0,0,0,0,0,0,0,0,0,0,0,0,0,0,0,0,0,0,0,0,0,0,0,0,0,0,0,0,0,0,0,0,0,0,0,0,0,0,0,0,0,0,0,0,0,0,0,0,0,0,0,0,0,0,0,0,0,0,0,0,0,0,0,0,0,0,0,0,0,0,0,0,0,0,0,0,0,0,0,0,0,0,0,0,0,0,0,0,0,0,0,0,0,0,0,0,0,0,0,0,0,0,0,0,0,0,0,0,0,0,0,1,0,6,0,0,0,1,0,5,0,0,0,0,0,0,0,0,0,2,0,22,0,0,0,0,0,0,0,0,0,0,0,0,0,0,0
2,40,0.188,0.188,0.0,5500000.0,13,6994,0.062,0.0200833333333,0.000403174242424,5846153.84615,252,2016,0.016,0.00099203187251,1.96793625498e-06,0.0,3,144,0.096,0.091,5e-05,0.0,0,0,0,0,0,0.0,1,20,0.0,0.0,0.0,-8000000.0,243,147015,0.062,0.000884297520661,3.72728644422e-05,0.0,0,0,0,0,0,0.0,0,0,0,0,0,0.0,1,20,0.0,0.0,0.0,0.0,0,0,0.0,0.0,0,0.0,13,7670,0.054,0.0183333333333,0.000404787878788,14384615.3846,0,0,0,0,0,0.0,0,0,0,0,0,0.0,4,1492,0.184,0.0613333333333,0.0112853333333,178000000.0,3,28076,0.097,0.094,1.8e-05,179666666.667,0,0,0,0,0,0.0,0,0,0,0,0,0.0,0,0,0,0,0,0.0,0,0,0,0,0,0.0,2,263,0.104,0.104,0.0,200500000.0,0,0,0,0,0,0.0,0,0,0,0,0,0.0,0,0,0.0,0.0,0,0.0,3,144,0.109,0.106,1.8e-05,0.0,11,7898,0.062,0.0214,0.000562044444444,6181818.18182,0,0,0,0,0,0.0,0,0,0,0,0,0.0,0,0,0,0,0,0.0,1,71,0.0,0.0,0.0,0.0,0,0,0,0,0,0.0,0,0,0,0,0,0.0,0,0,0,0,0,0.0,0,0,0,0,0,0.0,0,0,0,0,0,0.0,0,0,0,0,0,0.0,0,0,0,0,0,0.0,0,0,0.0,0.0,0,0.0,1,72,0.0,0.0,0.0,11000000.0,0,0,0,0,0,0.0,0,0,0,0,0,0.0,0,0,0,0,0,0.0,0,0,0,0,0,0.0,0,0,0,0,0,0.0,0,0,0,0,0,0.0,0,0,0,0,0,0.0,0,0,0,0,0,0.0,2,40,0.187,0.187,0.0,6000000.0,1,668,0.0,0.0,0,0.0,0,0,0,0,0,0.0,0,0,0,0,0,0.0,0,0,0,0,0,0.0,0,0,0,0,0,0.0,0,0,0,0,0,0.0,0,0,0,0,0,0.0,0,0,0,0,0,0.0,0,0,0,0,0,0.0,1,20,0.0,0.0,0.0,0.0,0,0,0,0,0,0.0,0,0,0,0,0,0.0,2,13050,0.124,0.124,0.0,49000000.0,0,0,0,0,0,0.0,0,0,0,0,0,0.0,0,0,0,0,0,0.0,0,0,0,0,0,0.0,0,0,0,0,0,0.0,0,0,0,0,0,0.0,2,17728,0.129,0.129,0.0,17500000.0,0,0,0,0,0,0.0,0,0,0,0,0,0.0,0,0,0,0,0,0.0,0,0,0,0,0,0.0,2,142,0.123,0.123,0.0,48500000.0,0,0,0,0,0,0.0,0,0,0,0,0,0.0,0,0,0,0,0,0.0,0,0,0,0,0,0.0,0,0,0,0,0,0.0,0,0,0,0,0,0.0,2,303,0.112,0.112,0.0,85500000.0,0,0,0,0,0,0.0,0,0,0,0,0,0.0,0,0,0.0,0.0,0.0,0.0,2,40,0.201,0.201,0,500000.0,1,20,0.0,0.0,0,6000000.0,12,2892,0.028,0.018,5.3e-05,2583333.33333,1,20,0.0,0.0,0,0.0,2,40,0.2,0.2,0,500000.0,0,0,0,0,0,0.0,2,726,0.094,0.094,0.0,15000000.0,2,10796,0.094,0.094,0.0,15000000.0,2,26812,0.094,0.094,0.0,15000000.0,0,0,0,0,0,0.0,2,150,0.094,0.094,0.0,15000000.0,11,1505,0.059,0.0173,0.000483788888889,0.0,45,46239,0.036,0.00540909090909,5.83403805497e-05,0.0,0,0,-4.06423013821e-06,-2.38302654125e-05,-4.03047022584e-05,-0.586005319701,-2.18357137483e-05,0.645241519341,-0.000371356592221,-0.000893864397632,4.12085228794e-05,4.70873467169e-05,6.00818295844e-05,-4.17095795059e-05,4.86694130863e-06,0.0,0.0,0.0,0.0,0.0,0.0,0.0,0.0,0.0,0.0,0.0,0.0,0.0,-0.00157921134843,0.0024326115737,-1.79169776685e-05,-0.0845790219112,0.000113573597373,0.0942442818985,-0.00117814543732,-0.00577016149367,0.00926519584525,0.0181220938153,0.0435131577485,-0.0421246568683,2.49597205724e-05,0,0,0,0,9223372036854775807,0,9223372036854775807,0,9223372036854775807,0,9223372036854775807,0,9223372036854775807,0,9223372036854775807,0.0,0.0,9.22337203685e+18,0.0,9.22337203685e+18,0.0,9.22337203685e+18,0.0,9.22337203685e+18,0.0,9.22337203685e+18,0.0,9.22337203685e+18,0.0,0.0,9.22337203685e+18,0.0,9.22337203685e+18,0.0,9.22337203685e+18,0.0,9.22337203685e+18,0.0,9.22337203685e+18,0.0,9.22337203685e+18,0.0,0.0,9.22337203685e+18,0.0,9.22337203685e+18,0.0,9.22337203685e+18,0.0,9.22337203685e+18,0.0,9.22337203685e+18,0.0,9.22337203685e+18,0,0,9223372036854775807,0,9223372036854775807,0,9223372036854775807,0,9223372036854775807,0,9223372036854775807,0,9223372036854775807,0,9223372036854775807,0,9223372036854775807,0,9223372036854775807,0,9223372036854775807,0,9223372036854775807,0,9223372036854775807,0,9223372036854775807,0,9223372036854775807,0,9223372036854775807,0,9223372036854775807,0,9223372036854775807,0,9223372036854775807,0,9223372036854775807,0,9223372036854775807,0,9223372036854775807,0,9223372036854775807,0,0,0,0,9223372036854775807,9223372036854775807,9223372036854775807,0,0,0,0,1,0,51,0,0,0,0,0,0,0,0,0,0,0,0,1,0,4040,0,0,0,0,0,0,0,0,0,0,0,0,2,6,100,0,0,0,0,0,0,0,0,0,0,0,0,0,0,0,0,0,0,0,0,0,0,0,0,0,0,0,0,0,0,0,0,0,0,0,0,0,0,0,0,0,0,0,0,0,0,0,0,0,0,0,1,0,5,0,0,0,0,0,0,0,0,0,0,0,0,0,0,0,0,0,0,0,0,0,0,0,0,0,0,0,0,0,0,0,0,0,0,0,0,0,0,0,0,0,0,0,0,0,0,0,0,0,0,0,0,0,0,1,0,4,0,0,0,0,0,0,0,0,0,0,0,0,0,0,0,0,0,0,0,0,0,0,0,0,0,0,0,0,0,0,0,0,0,0,0,0,0,0,0,0,0,0,0,0,0,0,0,0,0,0,0,0,0,0,0,0,0,0,0,0,0,0,0,0,0,0,0,0,0,0,0,0,0,0,0,0,0,0,0,0,0,0,0,0,0,0,0,0,0,0,0,0,0,0,0,0,0,0,0,0,0,0,0,0,0,0,0,0,1,0,50,0,0,0,0,0,0,0,0,0,0,0,0,1,0,10,0,0,0,0,0,0,0,0,0,0,0,0,3,0,549
1,20,0.0,0.0,0.0,4000000.0,11,5918,0.037,0.0191,0.000269655555556,14636363.6364,250,2000,0.006,0.00100401606426,4.31435419096e-07,0.0,2,96,0.104,0.104,0.0,0.0,0,0,0,0,0,0.0,2,40,0.2,0.2,0.0,0.0,269,162745,0.043,0.000884328358209,2.88217759517e-05,0.0,0,0,0,0,0,0.0,0,0,0,0,0,0.0,2,40,0.201,0.201,0.0,0.0,1,326,0.0,0.0,0,0.0,14,8260,0.042,0.019,0.000277833333333,12000000.0,0,0,0,0,0,0.0,0,0,0,0,0,0.0,4,1492,0.098,0.0326666666667,0.00320133333333,163000000.0,2,18671,0.1,0.1,0.0,169000000.0,0,0,0,0,0,0.0,0,0,0,0,0,0.0,0,0,0,0,0,0.0,0,0,0,0,0,0.0,3,375,0.101,0.0995,4.5e-06,202666666.667,0,0,0,0,0,0.0,0,0,0,0,0,0.0,0,0,0.0,0.0,0,0.0,2,96,0.099,0.099,0.0,0.0,13,9334,0.042,0.01925,0.000288204545455,13846153.8462,0,0,0,0,0,0.0,0,0,0,0,0,0.0,0,0,0,0,0,0.0,1,71,0.0,0.0,0.0,0.0,0,0,0,0,0,0.0,0,0,0,0,0,0.0,0,0,0,0,0,0.0,0,0,0,0,0,0.0,0,0,0,0,0,0.0,0,0,0,0,0,0.0,0,0,0,0,0,0.0,1,820,0.0,0.0,0,-2000000.0,1,72,0.0,0.0,0.0,-2000000.0,0,0,0,0,0,0.0,0,0,0,0,0,0.0,0,0,0,0,0,0.0,0,0,0,0,0,0.0,0,0,0,0,0,0.0,0,0,0,0,0,0.0,0,0,0,0,0,0.0,0,0,0,0,0,0.0,1,20,0.0,0.0,0.0,0.0,1,668,0.0,0.0,0,0.0,0,0,0,0,0,0.0,0,0,0,0,0,0.0,0,0,0,0,0,0.0,0,0,0,0,0,0.0,0,0,0,0,0,0.0,0,0,0,0,0,0.0,0,0,0,0,0,0.0,0,0,0,0,0,0.0,1,20,0.0,0.0,0.0,0.0,0,0,0,0,0,0.0,0,0,0,0,0,0.0,2,13050,0.122,0.122,0.0,40500000.0,0,0,0,0,0,0.0,0,0,0,0,0,0.0,0,0,0,0,0,0.0,0,0,0,0,0,0.0,0,0,0,0,0,0.0,0,0,0,0,0,0.0,2,17728,0.126,0.126,0.0,13500000.0,0,0,0,0,0,0.0,0,0,0,0,0,0.0,0,0,0,0,0,0.0,0,0,0,0,0,0.0,2,142,0.121,0.121,0.0,39000000.0,0,0,0,0,0,0.0,0,0,0,0,0,0.0,0,0,0,0,0,0.0,0,0,0,0,0,0.0,0,0,0,0,0,0.0,0,0,0,0,0,0.0,2,358,0.137,0.137,0.0,78000000.0,0,0,0,0,0,0.0,0,0,0,0,0,0.0,15,2860,0.008,0.000785714285714,4.64285714286e-06,0.0,1,20,0.0,0.0,0,0.0,1,20,0.0,0.0,0,0.0,13,3133,0.022,0.02,5.45454545455e-07,230769.230769,1,20,0.0,0.0,0,0.0,1,20,0.0,0.0,0,0.0,0,0,0,0,0,0.0,3,1089,0.102,0.0975,4.05e-05,5666666.66667,3,16194,0.101,0.097,3.2e-05,5000000.0,3,40218,0.101,0.097,3.2e-05,5000000.0,0,0,0,0,0,0.0,3,225,0.102,0.097,5e-05,5333333.33333,16,2427,0.038,0.0135333333333,0.000150123809524,0.0,51,50499,0.02,0.00488,3.5332244898e-05,0.0,0,0,-4.08247850814e-06,-2.39369818829e-05,-4.0127487801e-05,-0.611706483358,2.00843268958e-05,0.675105778469,-0.000371425890381,-0.000893867622651,4.12454950744e-05,4.71004366789e-05,6.00689335437e-05,-4.17215706546e-05,4.86638471031e-06,0.0,0.0,0.0,0.0,0.0,0.0,0.0,0.0,0.0,0.0,0.0,0.0,0.0,-0.00160962629492,0.00261100632836,-1.79136251328e-05,-0.084689473263,0.000112725513463,0.0958341642478,-0.00123037962613,-0.00576922663002,0.0092842928459,0.0181338181002,0.0435008098371,-0.0421231226114,2.49186290061e-05,0,0,0,0,9223372036854775807,0,9223372036854775807,0,9223372036854775807,0,9223372036854775807,0,9223372036854775807,0,9223372036854775807,6.0,10.6999998093,0.0,6.17999992371,5.6627730961,10469376.0,10469376.0,10469376.0,0.0,486219776.0,486219776.0,486219776.0,0.0,6.0,10.8000001907,9.60000038147,10.1000001907,0.469041535318,15544320.0,15544320.0,15544320.0,0.0,472285184.0,472285184.0,472285184.0,0.0,0.0,0.0,9.22337203685e+18,0.0,9.22337203685e+18,0.0,9.22337203685e+18,0.0,9.22337203685e+18,0.0,9.22337203685e+18,0.0,9.22337203685e+18,0,0,9223372036854775807,0,9223372036854775807,0,9223372036854775807,0,9223372036854775807,0,9223372036854775807,0,9223372036854775807,0,9223372036854775807,0,9223372036854775807,0,9223372036854775807,0,9223372036854775807,0,9223372036854775807,0,9223372036854775807,0,9223372036854775807,0,9223372036854775807,0,9223372036854775807,0,9223372036854775807,0,9223372036854775807,0,9223372036854775807,0,9223372036854775807,0,9223372036854775807,0,9223372036854775807,0,9223372036854775807,0,0,0,0,9223372036854775807,9223372036854775807,9223372036854775807,0,2,0,12,0,0,0,0,0,0,0,0,0,0,0,0,0,0,0,0,0,0,0,0,0,0,0,0,1,0,5,0,0,0,1,0,51,0,0,0,0,0,0,0,0,0,0,0,0,0,0,0,0,0,0,0,0,0,0,0,0,0,0,0,0,0,0,0,0,0,0,0,0,0,0,0,2,0,93,0,0,0,0,0,0,0,0,0,0,0,0,0,0,0,0,0,0,0,0,0,0,0,0,0,0,0,0,0,0,0,0,0,0,0,0,0,0,0,0,0,0,0,0,0,0,0,0,0,0,0,0,0,0,0,0,0,0,0,0,0,0,0,0,0,0,0,0,0,0,0,0,0,0,0,0,0,0,0,0,0,0,0,0,0,0,0,0,0,0,0,0,0,0,0,0,0,0,0,0,0,0,1,0,9,0,0,0,0,0,0,0,0,0,0,0,0,0,0,0,0,0,0,1,0,9,0,0,0,0,0,0,0,0,0,0,0,0,1,0,9,0,0,0,0,0,0,0,0,0,0,0,0,0,0,0,0,0,0,0,0,0,0,0,0,0,0,0,1,0,46,0,0,0,0,0,0,1,0,51,0,0,0,0,0,0,0,0,0,1,0,11,1,0,11,1,0,11,0,0,0,1,0,11,0,0,0,0,0,0
1,20,0.0,0.0,0.0,3000000.0,12,6456,0.038,0.0187272727273,0.000253218181818,10000000.0,251,2008,0.006,0.001,5.62248995984e-07,0.0,3,144,0.101,0.0995,4.50000000001e-06,0.0,0,0,0,0,0,0.0,1,20,0.0,0.0,0.0,0.0,234,141570,0.038,0.00087982832618,2.84768758325e-05,0.0,0,0,0,0,0,0.0,0,0,0,0,0,0.0,1,20,0.0,0.0,0.0,1000000.0,0,0,0.0,0.0,0,0.0,12,7080,0.036,0.0187272727273,0.000266818181818,11916666.6667,0,0,0,0,0,0.0,0,0,0,0,0,0.0,4,1492,0.202,0.0673333333333,0.0136013333333,162000000.0,3,28085,0.105,0.101,3.2e-05,169333333.333,0,0,0,0,0,0.0,0,0,0,0,0,0.0,0,0,0,0,0,0.0,0,0,0,0,0,0.0,2,270,0.11,0.11,0.0,198000000.0,0,0,0,0,0,0.0,0,0,0,0,0,0.0,0,0,0.0,0.0,0,0.0,3,144,0.101,0.0995,4.50000000001e-06,0.0,12,8616,0.037,0.0183636363636,0.000298654545455,14250000.0,0,0,0,0,0,0.0,0,0,0,0,0,0.0,0,0,0,0,0,0.0,2,142,0.201,0.201,0.0,-1000000.0,0,0,0,0,0,0.0,0,0,0,0,0,0.0,0,0,0,0,0,0.0,0,0,0,0,0,0.0,0,0,0,0,0,0.0,0,0,0,0,0,0.0,0,0,0,0,0,0.0,1,850,0.0,0.0,0,0.0,2,144,0.2,0.2,0.0,0.0,0,0,0,0,0,0.0,0,0,0,0,0,0.0,0,0,0,0,0,0.0,0,0,0,0,0,0.0,0,0,0,0,0,0.0,0,0,0,0,0,0.0,0,0,0,0,0,0.0,0,0,0,0,0,0.0,1,20,0.0,0.0,0.0,0.0,1,668,0.0,0.0,0,0.0,0,0,0,0,0,0.0,0,0,0,0,0,0.0,0,0,0,0,0,0.0,0,0,0,0,0,0.0,0,0,0,0,0,0.0,0,0,0,0,0,0.0,0,0,0,0,0,0.0,0,0,0,0,0,0.0,2,40,0.2,0.2,0.0,0.0,0,0,0,0,0,0.0,0,0,0,0,0,0.0,3,19575,0.114,0.113,2e-06,34333333.3333,0,0,0,0,0,0.0,0,0,0,0,0,0.0,0,0,0,0,0,0.0,0,0,0,0,0,0.0,0,0,0,0,0,0.0,0,0,0,0,0,0.0,2,17728,0.117,0.117,0.0,8500000.0,0,0,0,0,0,0.0,0,0,0,0,0,0.0,0,0,0,0,0,0.0,0,0,0,0,0,0.0,2,142,0.111,0.111,0.0,33500000.0,0,0,0,0,0,0.0,0,0,0,0,0,0.0,0,0,0,0,0,0.0,0,0,0,0,0,0.0,0,0,0,0,0,0.0,0,0,0,0,0,0.0,2,343,0.118,0.118,0.0,59000000.0,0,0,0,0,0,0.0,0,0,0,0,0,0.0,0,0,0.0,0.0,0.0,0.0,1,20,0.0,0.0,0,1000000.0,2,40,0.202,0.202,0,-1000000.0,12,2892,0.022,0.0198181818182,1.76363636363e-06,416666.666667,1,20,0.0,0.0,0,0.0,1,20,0.0,0.0,0,0.0,0,0,0,0,0,0.0,2,726,0.104,0.104,0.0,9500000.0,2,10796,0.104,0.104,0.0,9500000.0,2,26812,0.103,0.103,0.0,9000000.0,0,0,0,0,0,0.0,2,150,0.105,0.105,0.0,10000000.0,8,1197,0.105,0.0302857142857,0.00144057142857,0.0,43,41673,0.021,0.00538095238095,3.96074332172e-05,0.0,0,0,-4.09870172557e-06,-2.40252811254e-05,-4.70605981038e-05,-0.63380170267,2.06883125262e-05,0.701006221411,-0.000371487071731,-0.000893869497568,4.12744354987e-05,4.71111619635e-05,6.00591693285e-05,-4.17312030734e-05,4.8660003813e-06,0.0,0.0,0.0,0.0,0.0,0.0,0.0,0.0,0.0,0.0,0.0,0.0,0.0,-0.00163647470889,0.00276338380003,-1.79114459157e-05,-0.0847937141384,0.000112011783538,0.0971847667454,-0.00127733163617,-0.00576744505762,0.0093006087585,0.018143871724,0.0434901423172,-0.0421217636821,2.49480563492e-05,0,0,0,0,9223372036854775807,0,9223372036854775807,0,9223372036854775807,0,9223372036854775807,0,9223372036854775807,0,9223372036854775807,0.0,0.0,9.22337203685e+18,0.0,9.22337203685e+18,0.0,9.22337203685e+18,0.0,9.22337203685e+18,0.0,9.22337203685e+18,0.0,9.22337203685e+18,0.0,0.0,9.22337203685e+18,0.0,9.22337203685e+18,0.0,9.22337203685e+18,0.0,9.22337203685e+18,0.0,9.22337203685e+18,0.0,9.22337203685e+18,0.0,0.0,9.22337203685e+18,0.0,9.22337203685e+18,0.0,9.22337203685e+18,0.0,9.22337203685e+18,0.0,9.22337203685e+18,0.0,9.22337203685e+18,0,0,9223372036854775807,0,9223372036854775807,0,9223372036854775807,0,9223372036854775807,0,9223372036854775807,0,9223372036854775807,0,9223372036854775807,0,9223372036854775807,0,9223372036854775807,0,9223372036854775807,0,9223372036854775807,0,9223372036854775807,0,9223372036854775807,0,9223372036854775807,0,9223372036854775807,0,9223372036854775807,0,9223372036854775807,0,9223372036854775807,0,9223372036854775807,0,9223372036854775807,0,9223372036854775807,0,9223372036854775807,0,0,0,0,9223372036854775807,9223372036854775807,9223372036854775807,0,0,0,0,0,0,0,0,0,0,0,0,0,0,0,0,0,0,0,0,0,0,0,0,0,0,0,0,0,0,0,0,0,0,0,0,0,0,0,0,0,0,0,0,0,0,1,0,10,0,0,0,0,0,0,0,0,0,0,0,0,1,0,10,0,0,0,0,0,0,0,0,0,0,0,0,0,0,0,0,0,0,0,0,0,0,0,0,0,0,0,0,0,0,0,0,0,0,0,0,0,0,0,0,0,0,0,0,0,0,0,0,0,0,0,1,0,6,0,0,0,0,0,0,0,0,0,0,0,0,0,0,0,0,0,0,0,0,0,0,0,0,2,0,12,0,0,0,0,0,0,0,0,0,0,0,0,0,0,0,0,0,0,0,0,0,0,0,0,0,0,0,1,0,5,0,0,0,0,0,0,1,0,9,0,0,0,0,0,0,0,0,0,0,0,0,0,0,0,0,0,0,0,0,0,0,0,0,0,0,0,0,0,0,0,0,0,0,0,0,0,0,0,0,0,0,0,0,0,0,0,0,0,0,0,0,0,0,1,0,9,0,0,0,0,0,0,0,0,0,0,0,0,0,0,0,0,0,0,0,0,0,0,0,0,0,0,0,0,0,0,0,0,0,0,0,0,0,0,0,0,0,0,0,0,0,0,0,0
1,20,0.0,0.0,0.0,4000000.0,14,7532,0.037,0.0187692307692,0.000246858974359,11928571.4286,255,2040,0.006,0.000976377952756,7.97858765678e-07,0.0,2,96,0.098,0.098,0.0,0.0,1,574,0,0,0,-1000000.0,1,20,0.0,0.0,0.0,0.0,265,160325,0.036,0.000871212121212,2.62951376887e-05,0.0,0,0,0,0,0,0.0,0,0,0,0,0,0.0,1,20,0.0,0.0,0.0,0.0,1,326,0.0,0.0,0,0.0,13,7670,0.037,0.0184166666667,0.000202992424242,13153846.1538,0,0,0,0,0,0.0,0,0,0,0,0,0.0,4,1492,0.174,0.0593333333333,0.00986533333333,150500000.0,3,28002,0.092,0.089,1.8e-05,153333333.333,0,0,0,0,0,0.0,0,0,0,0,0,0.0,0,0,0,0,0,0.0,0,0,0,0,0,0.0,3,393,0.091,0.0885,1.25e-05,191666666.667,0,0,0,0,0,0.0,0,0,0,0,0,0.0,0,0,0.0,0.0,0,0.0,2,96,0.098,0.098,0.0,0.0,13,9334,0.036,0.0190833333333,0.000236628787879,12615384.6154,0,0,0,0,0,0.0,0,0,0,0,0,0.0,0,0,0,0,0,0.0,1,71,0.0,0.0,0.0,0.0,0,0,0,0,0,0.0,0,0,0,0,0,0.0,0,0,0,0,0,0.0,0,0,0,0,0,0.0,0,0,0,0,0,0.0,0,0,0,0,0,0.0,0,0,0,0,0,0.0,0,0,0.0,0.0,0,0.0,1,72,0.0,0.0,0.0,0.0,0,0,0,0,0,0.0,0,0,0,0,0,0.0,0,0,0,0,0,0.0,0,0,0,0,0,0.0,0,0,0,0,0,0.0,0,0,0,0,0,0.0,0,0,0,0,0,0.0,0,0,0,0,0,0.0,1,20,0.0,0.0,0.0,0.0,1,668,0.0,0.0,0,0.0,0,0,0,0,0,0.0,0,0,0,0,0,0.0,0,0,0,0,0,0.0,0,0,0,0,0,0.0,0,0,0,0,0,0.0,0,0,0,0,0,0.0,0,0,0,0,0,0.0,0,0,0,0,0,0.0,1,20,0.0,0.0,0.0,0.0,0,0,0,0,0,0.0,0,0,0,0,0,0.0,2,13050,0.113,0.113,0.0,35000000.0,0,0,0,0,0,0.0,0,0,0,0,0,0.0,0,0,0,0,0,0.0,0,0,0,0,0,0.0,0,0,0,0,0,0.0,0,0,0,0,0,0.0,2,17728,0.109,0.109,0.0,12000000.0,0,0,0,0,0,0.0,0,0,0,0,0,0.0,0,0,0,0,0,0.0,0,0,0,0,0,0.0,2,142,0.115,0.115,0.0,34000000.0,0,0,0,0,0,0.0,0,0,0,0,0,0.0,0,0,0,0,0,0.0,0,0,0,0,0,0.0,0,0,0,0,0,0.0,0,0,0,0,0,0.0,3,458,0.113,0.1125,5.00000000003e-07,61000000.0,0,0,0,0,0,0.0,0,0,0,0,0,0.0,10,1913,0.0,0.0,0.0,0.0,1,20,0.0,0.0,0,0.0,1,20,0.0,0.0,0,-1000000.0,13,3133,0.025,0.02,4.54545454545e-06,615384.615385,2,40,0.201,0.201,0,0.0,2,40,0.197,0.197,0,-3500000.0,0,0,0,0,0,0.0,3,1089,0.097,0.0935,2.45e-05,4333333.33333,3,16194,0.1,0.0935,8.45e-05,3333333.33333,3,40218,0.1,0.0935,8.45e-05,3333333.33333,0,0,0,0,0,0.0,3,225,0.1,0.0935,8.45e-05,3333333.33333,8,1149,0.102,0.0257142857143,0.00166357142857,0.0,50,49174,0.025,0.00495918367347,4.46649659864e-05,0.0,0,0,-4.11612522377e-06,-2.40984851656e-05,5.2464561322e-05,-0.657808542723,-3.39426532223e-05,0.729375658786,-0.000371553586343,-0.00089387098259,4.13044962881e-05,4.71228195158e-05,6.00487340421e-05,-4.17416041912e-05,4.86568028624e-06,0.0,0.0,0.0,0.0,0.0,0.0,0.0,0.0,0.0,0.0,0.0,0.0,0.0,-0.00166627586334,0.00292857807239,-1.79058908034e-05,-0.0849122065463,0.000111242697474,0.0986309559245,-0.00133025392008,-0.00576475181569,0.0093183319135,0.0181548243859,0.0434785498293,-0.0421202641424,2.50543671259e-05,0,0,0,0,9223372036854775807,0,9223372036854775807,0,9223372036854775807,0,9223372036854775807,0,9223372036854775807,0,9223372036854775807,6.0,10.3999996185,0.0,6.07999992371,5.55310716754,10469376.0,10469376.0,10469376.0,0.0,486219776.0,486219776.0,486219776.0,0.0,0.0,0.0,9.22337203685e+18,0.0,9.22337203685e+18,0.0,9.22337203685e+18,0.0,9.22337203685e+18,0.0,9.22337203685e+18,0.0,9.22337203685e+18,0.0,0.0,9.22337203685e+18,0.0,9.22337203685e+18,0.0,9.22337203685e+18,0.0,9.22337203685e+18,0.0,9.22337203685e+18,0.0,9.22337203685e+18,0,0,9223372036854775807,0,9223372036854775807,0,9223372036854775807,0,9223372036854775807,0,9223372036854775807,0,9223372036854775807,0,9223372036854775807,0,9223372036854775807,0,9223372036854775807,0,9223372036854775807,0,9223372036854775807,0,9223372036854775807,0,9223372036854775807,0,9223372036854775807,0,9223372036854775807,0,9223372036854775807,0,9223372036854775807,0,9223372036854775807,0,9223372036854775807,0,9223372036854775807,0,9223372036854775807,0,9223372036854775807,0,0,0,0,9223372036854775807,9223372036854775807,9223372036854775807,0,0,0,0,0,0,0,0,0,0,2,0,22,0,0,0,0,0,0,0,0,0,0,0,0,0,0,0,0,0,0,1,0,3,0,0,0,0,0,0,0,0,0,1,0,16,0,0,0,0,0,0,0,0,0,0,0,0,0,0,0,0,0,0,0,0,0,0,0,0,0,0,0,1,0,11,0,0,0,0,0,0,0,0,0,0,0,0,0,0,0,0,0,0,0,0,0,0,0,0,0,0,0,0,0,0,0,0,0,0,0,0,0,0,0,0,0,0,0,0,0,0,0,0,0,0,0,0,0,0,0,0,0,0,0,0,0,0,0,0,0,0,0,0,0,0,0,0,0,0,0,0,0,0,0,0,0,0,0,0,0,0,0,0,0,0,0,0,0,0,0,0,0,0,0,0,0,0,0,0,0,0,0,0,0,0,0,0,0,0,0,0,0,0,0,0,0,0,0,0,0,0,0,0,0,0,0,0,0,0,0,0,0,0,0,0,0,0,0,0,0,0,0,0,0,0,0,0,0,0,0,0,0,0,0,0,0,0,0,0,0,0,0,0,0,0,0,0,0,0,1,0,6,0,0,0,0,0,0,1,0,6,1,0,6,0,0,0,0,0,0,0,0,0,0,0,0,0,0,0,0,0,0,0,0,0,0,0,0
2,40,0.2,0.2,0.0,0.0,11,5918,0.044,0.0212,0.000351511111111,13272727.2727,246,1968,0.006,0.00100408163265,6.84409501505e-07,0.0,3,144,0.101,0.0995,4.5e-06,0.0,0,0,0,0,0,0.0,1,20,0.0,0.0,0.0,0.0,244,147620,0.04,0.000897119341564,3.12910247254e-05,0.0,0,0,0,0,0,0.0,0,0,0,0,0,0.0,1,20,0.0,0.0,0.0,0.0,1,326,0.0,0.0,0,0.0,11,6490,0.04,0.018,0.000332222222222,13727272.7273,0,0,0,0,0,0.0,0,0,0,0,0,0.0,2,746,0.0,0.0,0.0,169000000.0,2,18644,0.105,0.105,0.0,175000000.0,0,0,0,0,0,0.0,0,0,0,0,0,0.0,0,0,0,0,0,0.0,0,0,0,0,0,0.0,3,390,0.112,0.107,5e-05,197333333.333,0,0,0,0,0,0.0,0,0,0,0,0,0.0,0,0,0.0,0.0,0,0.0,3,144,0.1,0.0995,4.99999999999e-07,0.0,13,9334,0.04,0.0186666666667,0.000329333333333,13538461.5385,0,0,0,0,0,0.0,0,0,0,0,0,0.0,0,0,0,0,0,0.0,1,71,0.0,0.0,0.0,0.0,0,0,0,0,0,0.0,0,0,0,0,0,0.0,0,0,0,0,0,0.0,0,0,0,0,0,0.0,0,0,0,0,0,0.0,0,0,0,0,0,0.0,0,0,0,0,0,0.0,1,850,0.0,0.0,0,-3000000.0,1,72,0.0,0.0,0.0,-3000000.0,0,0,0,0,0,0.0,0,0,0,0,0,0.0,0,0,0,0,0,0.0,0,0,0,0,0,0.0,0,0,0,0,0,0.0,0,0,0,0,0,0.0,0,0,0,0,0,0.0,0,0,0,0,0,0.0,2,40,0.2,0.2,0.0,0.0,1,668,0.0,0.0,0,0.0,0,0,0,0,0,0.0,0,0,0,0,0,0.0,0,0,0,0,0,0.0,0,0,0,0,0,0.0,0,0,0,0,0,0.0,0,0,0,0,0,0.0,0,0,0,0,0,0.0,0,0,0,0,0,0.0,1,20,0.0,0.0,0.0,0.0,0,0,0,0,0,0.0,0,0,0,0,0,0.0,2,13050,0.121,0.121,0.0,41500000.0,0,0,0,0,0,0.0,0,0,0,0,0,0.0,0,0,0,0,0,0.0,0,0,0,0,0,0.0,0,0,0,0,0,0.0,0,0,0,0,0,0.0,2,17728,0.123,0.123,0.0,13500000.0,0,0,0,0,0,0.0,0,0,0,0,0,0.0,0,0,0,0,0,0.0,0,0,0,0,0,0.0,2,142,0.121,0.121,0.0,39500000.0,0,0,0,0,0,0.0,0,0,0,0,0,0.0,0,0,0,0,0,0.0,0,0,0,0,0,0.0,0,0,0,0,0,0.0,0,0,0,0,0,0.0,2,319,0.112,0.112,0.0,66000000.0,0,0,0,0,0,0.0,0,0,0,0,0,0.0,18,3421,0.0,0.0,0.0,0.0,2,40,0.193,0.193,0,500000.0,1,20,0.0,0.0,0,0.0,12,2892,0.022,0.0198181818182,1.16363636364e-06,666666.666667,1,20,0.0,0.0,0,0.0,1,20,0.0,0.0,0,0.0,0,0,0,0,0,0.0,2,726,0.099,0.099,0.0,4500000.0,2,10796,0.099,0.099,0.0,4500000.0,2,26812,0.099,0.099,0.0,4500000.0,0,0,0,0,0,0.0,2,150,0.099,0.099,0.0,4500000.0,14,2029,0.052,0.0153846153846,0.000216256410256,0.0,44,44914,0.022,0.00551162790698,4.90177187154e-05,0.0,0,0,-4.13069020855e-06,-2.41395032923e-05,-4.58474348113e-05,-0.678179319702,-3.39567175995e-05,0.753628609692,-0.000371609958312,-0.000893871824299,4.1328876188e-05,4.71327300771e-05,6.00399771322e-05,-4.17503712142e-05,4.8654687177e-06,0.0,0.0,0.0,0.0,0.0,0.0,0.0,0.0,0.0,0.0,0.0,0.0,0.0,-0.00169207244667,0.00306825077723,-1.79060153473e-05,-0.0850135183673,0.000110614472865,0.0998364603592,-0.00137657676354,-0.0057619285604,0.00933336568453,0.0181641557618,0.0434686776348,-0.0421189707756,2.51885895294e-05,0,0,0,0,9223372036854775807,0,9223372036854775807,0,9223372036854775807,0,9223372036854775807,0,9223372036854775807,0,9223372036854775807,6.0,9.80000019073,0.0,5.44000005722,5.01826668613,10469376.0,10469376.0,10469376.0,0.0,486219776.0,486219776.0,486219776.0,0.0,0.0,0.0,9.22337203685e+18,0.0,9.22337203685e+18,0.0,9.22337203685e+18,0.0,9.22337203685e+18,0.0,9.22337203685e+18,0.0,9.22337203685e+18,11.0,30.7999992371,9.5,15.9999998093,9.34050272673,69169152.0,69169152.0,69169152.0,0.0,962248704.0,962248704.0,962248704.0,0.0,0,0,9223372036854775807,0,9223372036854775807,0,9223372036854775807,0,9223372036854775807,0,9223372036854775807,0,9223372036854775807,0,9223372036854775807,0,9223372036854775807,0,9223372036854775807,0,9223372036854775807,0,9223372036854775807,0,9223372036854775807,0,9223372036854775807,0,9223372036854775807,0,9223372036854775807,0,9223372036854775807,0,9223372036854775807,0,9223372036854775807,0,9223372036854775807,0,9223372036854775807,0,9223372036854775807,0,9223372036854775807,0,0,0,0,9223372036854775807,9223372036854775807,9223372036854775807,0,0,0,0,1,0,51,0,0,0,0,0,0,0,0,0,1,0,6,0,0,0,0,0,0,0,0,0,1,0,6,0,0,0,2,3,104,0,0,0,0,0,0,0,0,0,0,0,0,0,0,0,0,0,0,0,0,0,0,0,0,0,0,0,0,0,0,0,0,0,0,0,0,1,0,11,1,0,42,0,0,0,0,0,0,0,0,0,0,0,0,0,0,0,0,0,0,0,0,0,0,0,0,0,0,0,0,0,0,0,0,0,1,0,3,0,0,0,0,0,0,0,0,0,0,0,0,0,0,0,0,0,0,0,0,0,0,0,0,0,0,0,0,0,0,0,0,0,0,0,0,0,0,0,0,0,0,0,0,0,0,0,0,0,0,0,0,0,0,0,0,0,0,0,0,0,0,0,0,0,0,0,0,0,0,0,0,0,0,0,0,0,0,0,0,0,0,0,0,0,0,0,0,0,0,0,0,0,0,0,0,0,0,0,0,0,0,0,0,0,0,0,0,0,0,0,0,0,0,0,0,0,0,0,0,0,0,0,0,0,0,0,0,0,0,0,0,0,0,0,0,0,0,1,0,6,1,0,51,0,0,0,0,0,0,0,0,0,0,0,0,3,0,33,0,0,0,0,0,0,0,0,0,0,0,0,1,0,385
1,20,0.0,0.0,0.0,0.0,14,7532,0.038,0.0183846153846,0.000280756410256,12500000.0,252,2016,0.005,0.000996015936255,6.03984063745e-07,0.0,2,96,0.099,0.099,0.0,0.0,0,0,0,0,0,0.0,2,40,0.199,0.199,0.0,500000.0,264,159720,0.036,0.000885931558935,2.79258700258e-05,0.0,0,0,0,0,0,0.0,0,0,0,0,0,0.0,1,20,0.0,0.0,0.0,0.0,0,0,0.0,0.0,0,0.0,13,7670,0.04,0.0193333333333,0.000264606060606,12461538.4615,0,0,0,0,0,0.0,0,0,0,0,0,0.0,2,746,0.0,0.0,0.0,187000000.0,2,18666,0.121,0.121,0.0,181000000.0,0,0,0,0,0,0.0,0,0,0,0,0,0.0,0,0,0,0,0,0.0,0,0,0,0,0,0.0,2,278,0.118,0.118,0.0,210500000.0,0,0,0,0,0,0.0,0,0,0,0,0,0.0,0,0,0.0,0.0,0,0.0,2,96,0.099,0.099,0.0,0.0,11,7898,0.037,0.0209,0.000270322222222,10454545.4545,0,0,0,0,0,0.0,0,0,0,0,0,0.0,0,0,0,0,0,0.0,1,71,0.0,0.0,0.0,0.0,0,0,0,0,0,0.0,0,0,0,0,0,0.0,0,0,0,0,0,0.0,0,0,0,0,0,0.0,0,0,0,0,0,0.0,0,0,0,0,0,0.0,0,0,0,0,0,0.0,0,0,0.0,0.0,0,0.0,1,72,0.0,0.0,0.0,0.0,0,0,0,0,0,0.0,0,0,0,0,0,0.0,0,0,0,0,0,0.0,0,0,0,0,0,0.0,0,0,0,0,0,0.0,0,0,0,0,0,0.0,0,0,0,0,0,0.0,0,0,0,0,0,0.0,1,20,0.0,0.0,0.0,0.0,1,668,0.0,0.0,0,0.0,0,0,0,0,0,0.0,0,0,0,0,0,0.0,0,0,0,0,0,0.0,0,0,0,0,0,0.0,0,0,0,0,0,0.0,0,0,0,0,0,0.0,0,0,0,0,0,0.0,0,0,0,0,0,0.0,1,20,0.0,0.0,0.0,0.0,0,0,0,0,0,0.0,0,0,0,0,0,0.0,2,13050,0.117,0.117,0.0,41000000.0,0,0,0,0,0,0.0,0,0,0,0,0,0.0,0,0,0,0,0,0.0,0,0,0,0,0,0.0,0,0,0,0,0,0.0,0,0,0,0,0,0.0,2,17728,0.118,0.118,0.0,12500000.0,0,0,0,0,0,0.0,0,0,0,0,0,0.0,0,0,0,0,0,0.0,0,0,0,0,0,0.0,2,142,0.121,0.121,0.0,39000000.0,0,0,0,0,0,0.0,0,0,0,0,0,0.0,0,0,0,0,0,0.0,0,0,0,0,0,0.0,0,0,0,0,0,0.0,0,0,0,0,0,0.0,2,353,0.112,0.112,0.0,66500000.0,0,0,0,0,0,0.0,0,0,0,0,0,0.0,0,0,0.0,0.0,0.0,0.0,1,20,0.0,0.0,0,-2000000.0,1,20,0.0,0.0,0,1000000.0,13,3133,0.023,0.02,1.81818181818e-06,-153846.153846,1,20,0.0,0.0,0,1000000.0,1,20,0.0,0.0,0,-1000000.0,0,0,0,0,0,0.0,3,1089,0.11,0.101,0.000162,10000000.0,3,16194,0.11,0.101,0.000162,10000000.0,3,40218,0.11,0.101,0.000162,10000000.0,0,0,0,0,0,0.0,3,225,0.11,0.101,0.000162,10000000.0,10,1470,0.04,0.0193333333333,0.000243,0.0,48,45566,0.023,0.00512765957447,3.82007400555e-05,0.0,0,0,-4.14761390743e-06,-2.41600009865e-05,5.1370697749e-05,-0.702320716905,-3.39879812392e-05,0.782577838133,-0.000371676502906,-0.000893872193362,4.13564477491e-05,4.71445083816e-05,6.00297883855e-05,-4.17606879036e-05,4.86532071875e-06,0.0,0.0,0.0,0.0,0.0,0.0,0.0,0.0,0.0,0.0,0.0,0.0,0.0,-0.0017232379627,0.0032329033724,-1.79009938256e-05,-0.0851303165559,0.000109877746233,0.101234402996,-0.00143287504912,-0.00575768911159,0.00935117862084,0.0181752750536,0.0434569408339,-0.0421174142346,2.54356079312e-05,0,0,0,0,9223372036854775807,0,9223372036854775807,0,9223372036854775807,0,9223372036854775807,0,9223372036854775807,0,9223372036854775807,0.0,0.0,9.22337203685e+18,0.0,9.22337203685e+18,0.0,9.22337203685e+18,0.0,9.22337203685e+18,0.0,9.22337203685e+18,0.0,9.22337203685e+18,0.0,0.0,9.22337203685e+18,0.0,9.22337203685e+18,0.0,9.22337203685e+18,0.0,9.22337203685e+18,0.0,9.22337203685e+18,0.0,9.22337203685e+18,0.0,0.0,9.22337203685e+18,0.0,9.22337203685e+18,0.0,9.22337203685e+18,0.0,9.22337203685e+18,0.0,9.22337203685e+18,0.0,9.22337203685e+18,0,0,9223372036854775807,0,9223372036854775807,0,9223372036854775807,0,9223372036854775807,0,9223372036854775807,0,9223372036854775807,0,9223372036854775807,0,9223372036854775807,0,9223372036854775807,0,9223372036854775807,0,9223372036854775807,0,9223372036854775807,0,9223372036854775807,0,9223372036854775807,0,9223372036854775807,0,9223372036854775807,0,9223372036854775807,0,9223372036854775807,0,9223372036854775807,0,9223372036854775807,0,9223372036854775807,0,9223372036854775807,0,0,0,0,9223372036854775807,9223372036854775807,9223372036854775807,0,0,0,0,0,0,0,0,0,0,0,0,0,0,0,0,0,0,0,0,0,0,0,0,0,0,0,0,0,0,0,0,0,0,1,0,51,0,0,0,0,0,0,0,0,0,0,0,0,0,0,0,0,0,0,0,0,0,0,0,0,0,0,0,0,0,0,0,0,0,0,0,0,0,0,0,1,0,51,0,0,0,0,0,0,0,0,0,1,0,6,0,0,0,0,0,0,0,0,0,0,0,0,0,0,0,0,0,0,0,0,0,0,0,0,0,0,0,0,0,0,0,0,0,0,0,0,0,0,0,0,0,0,0,0,0,0,0,0,0,0,0,0,0,0,1,0,5,0,0,0,0,0,0,0,0,0,0,0,0,0,0,0,0,0,0,0,0,0,0,0,0,0,0,0,0,0,0,0,0,0,0,0,0,0,0,0,0,0,0,0,0,0,0,0,0,0,0,0,0,0,0,0,0,0,0,0,0,0,0,0,0,0,0,0,0,0,0,0,0,0,0,0,0,0,0,0,0,0,0,0,0,0,0,0,0,0,0,0,0,0,0,0,0,0,0,0,0,0,0,0,0,0,0,0,0,1,0,51,0,0,0,0,0,0,0,0,0,1,0,10,1,0,10,1,0,10,0,0,0,1,0,10,0,0,0,0,0,0
1,20,0.0,0.0,0.0,0.0,12,6456,0.035,0.0182727272727,0.000262818181818,11250000.0,250,2000,0.006,0.00100401606426,6.81435419096e-07,0.0,3,144,0.101,0.1,2e-06,0.0,0,0,0,0,0,0.0,1,20,0.0,0.0,0.0,1000000.0,236,142780,0.04,0.000868085106383,2.57987634115e-05,0.0,0,0,0,0,0,0.0,0,0,0,0,0,0.0,2,40,0.196,0.196,0.0,0.0,1,326,0.0,0.0,0,0.0,12,7080,0.038,0.0189090909091,0.000264090909091,13250000.0,0,0,0,0,0,0.0,0,0,0,0,0,0.0,6,2238,0.102,0.0392,0.0028892,175333333.333,3,28021,0.108,0.098,0.0002,179333333.333,0,0,0,0,0,0.0,0,0,0,0,0,0.0,0,0,0,0,0,0.0,0,0,0,0,0,0.0,2,269,0.109,0.109,0.0,216500000.0,0,0,0,0,0,0.0,0,0,0,0,0,0.0,0,0,0.0,0.0,0,0.0,3,144,0.1,0.1,0.0,0.0,14,10052,0.042,0.0177692307692,0.000259192307692,11142857.1429,0,0,0,0,0,0.0,0,0,0,0,0,0.0,0,0,0,0,0,0.0,2,142,0.201,0.201,0.0,-1000000.0,0,0,0,0,0,0.0,0,0,0,0,0,0.0,0,0,0,0,0,0.0,0,0,0,0,0,0.0,0,0,0,0,0,0.0,0,0,0,0,0,0.0,0,0,0,0,0,0.0,2,1760,0.203,0.203,0,-1500000.0,2,144,0.203,0.203,0.0,-1500000.0,0,0,0,0,0,0.0,0,0,0,0,0,0.0,0,0,0,0,0,0.0,0,0,0,0,0,0.0,0,0,0,0,0,0.0,0,0,0,0,0,0.0,0,0,0,0,0,0.0,0,0,0,0,0,0.0,1,20,0.0,0.0,0.0,0.0,1,668,0.0,0.0,0,0.0,0,0,0,0,0,0.0,0,0,0,0,0,0.0,0,0,0,0,0,0.0,0,0,0,0,0,0.0,0,0,0,0,0,0.0,0,0,0,0,0,0.0,0,0,0,0,0,0.0,0,0,0,0,0,0.0,2,40,0.199,0.199,0.0,0.0,0,0,0,0,0,0.0,0,0,0,0,0,0.0,3,19575,0.115,0.101,0.000392,29333333.3333,0,0,0,0,0,0.0,0,0,0,0,0,0.0,0,0,0,0,0,0.0,0,0,0,0,0,0.0,0,0,0,0,0,0.0,0,0,0,0,0,0.0,3,26592,0.123,0.106,0.000578,12333333.3333,0,0,0,0,0,0.0,0,0,0,0,0,0.0,0,0,0,0,0,0.0,0,0,0,0,0,0.0,3,802,0.108,0.101,9.8e-05,27000000.0,0,0,0,0,0,0.0,0,0,0,0,0,0.0,0,0,0,0,0,0.0,0,0,0,0,0,0.0,0,0,0,0,0,0.0,0,0,0,0,0,0.0,2,1167,0.096,0.096,0.0,51500000.0,0,0,0,0,0,0.0,0,0,0,0,0,0.0,17,3243,0.0,0.0,0.0,0.0,1,20,0.0,0.0,0,0.0,2,40,0.202,0.202,0,0.0,12,2892,0.023,0.0200909090909,1.49090909091e-06,416666.666667,1,20,0.0,0.0,0,0.0,1,20,0.0,0.0,0,0.0,0,0,0,0,0,0.0,2,726,0.097,0.097,0.0,6500000.0,2,10796,0.096,0.096,0.0,6000000.0,2,26812,0.097,0.097,0.0,6500000.0,0,0,0,0,0,0.0,2,150,0.097,0.097,0.0,6500000.0,12,1878,0.04,0.0194545454545,0.000257072727273,0.0,47,48889,0.02,0.00497826086957,3.89550724638e-05,0.0,0,0,-4.1645016422e-06,-2.41297627364e-05,5.09115140392e-05,-0.724665592391,-3.40339996816e-05,0.809556252012,-0.000371742974532,-0.000893874128463,4.13831159571e-05,4.71574861098e-05,6.00181538397e-05,-4.17711530141e-05,4.86528844768e-06,0.0,0.0,0.0,0.0,0.0,0.0,0.0,0.0,0.0,0.0,0.0,0.0,0.0,-0.00175308371407,0.00340323812219,-1.78995330931e-05,-0.0852040312902,0.000109233155808,0.102299253588,-0.00149195779919,-0.00575678645904,0.00936841192361,0.0181866793756,0.0434456027097,-0.0421157203879,2.56779293815e-05,0,0,0,0,9223372036854775807,0,9223372036854775807,0,9223372036854775807,0,9223372036854775807,0,9223372036854775807,0,9223372036854775807,6.0,10.6999998093,0.0,4.16000003815,5.70026319649,10469376.0,10469376.0,10469376.0,0.0,486219776.0,486219776.0,486219776.0,0.0,0.0,0.0,9.22337203685e+18,0.0,9.22337203685e+18,0.0,9.22337203685e+18,0.0,9.22337203685e+18,0.0,9.22337203685e+18,0.0,9.22337203685e+18,11.0,21.8999996185,10.8000001907,18.5399999619,4.4043159084,73220096.0,69169152.0,69979340.8,1811637.23141,962248704.0,962248704.0,962248704.0,0.0,0,0,9223372036854775807,0,9223372036854775807,0,9223372036854775807,0,9223372036854775807,0,9223372036854775807,0,9223372036854775807,0,9223372036854775807,0,9223372036854775807,0,9223372036854775807,0,9223372036854775807,0,9223372036854775807,0,9223372036854775807,0,9223372036854775807,0,9223372036854775807,0,9223372036854775807,0,9223372036854775807,0,9223372036854775807,0,9223372036854775807,0,9223372036854775807,0,9223372036854775807,0,9223372036854775807,0,9223372036854775807,0,0,0,0,9223372036854775807,9223372036854775807,9223372036854775807,0,2,0,12,0,0,0,0,0,0,0,0,0,0,0,0,0,0,0,0,0,0,0,0,0,0,0,0,1,0,5,0,0,0,0,0,0,0,0,0,0,0,0,0,0,0,1,0,10,0,0,0,0,0,0,0,0,0,0,0,0,1,0,10,0,0,0,0,0,0,0,0,0,0,0,0,0,0,0,0,0,0,0,0,0,0,0,0,0,0,0,0,0,0,0,0,0,0,0,0,0,0,0,0,0,0,0,0,0,0,0,0,0,0,0,1,0,5,0,0,0,0,0,0,0,0,0,0,0,0,0,0,0,0,0,0,0,0,0,0,0,0,0,0,0,0,0,0,0,0,0,0,0,0,0,0,0,0,0,0,0,0,0,0,0,0,0,0,0,0,0,0,0,0,0,0,0,0,0,0,0,1,0,9,0,0,0,0,0,0,0,0,0,0,0,0,0,0,0,0,0,0,1,0,9,0,0,0,0,0,0,0,0,0,0,0,0,1,0,9,0,0,0,0,0,0,0,0,0,0,0,0,0,0,0,0,0,0,1,0,9,0,0,0,0,0,0,1,0,43,0,0,0,0,0,0,0,0,0,0,0,0,0,0,0,0,0,0,0,0,0,0,0,0,0,0,0,0,0,0,0,0,0,0,0,0,1,0,80
1,20,0.0,0.0,0.0,0.0,13,6994,0.041,0.02,0.000226,12153846.1538,249,1992,0.007,0.001,4.77732793522e-07,0.0,2,96,0.098,0.098,0.0,0.0,1,574,0,0,0,-1000000.0,1,20,0.0,0.0,0.0,0.0,266,160930,0.042,0.000871698113208,2.75895368782e-05,0.0,0,0,0,0,0,0.0,0,0,0,0,0,0.0,1,20,0.0,0.0,0.0,1000000.0,0,0,0.0,0.0,0,0.0,13,7670,0.038,0.01925,0.000252204545455,16461538.4615,0,0,0,0,0,0.0,0,0,0,0,0,0.0,2,746,0.0,0.0,0.0,133000000.0,2,18655,0.094,0.094,0.0,141500000.0,0,0,0,0,0,0.0,0,0,0,0,0,0.0,0,0,0,0,0,0.0,0,0,0,0,0,0.0,3,389,0.106,0.093,0.000338,176000000.0,0,0,0,0,0,0.0,0,0,0,0,0,0.0,0,0,0.0,0.0,0,0.0,2,96,0.098,0.098,0.0,0.0,12,8616,0.038,0.0190909090909,0.000262690909091,13833333.3333,0,0,0,0,0,0.0,0,0,0,0,0,0.0,0,0,0,0,0,0.0,1,71,0.0,0.0,0.0,-1000000.0,0,0,0,0,0,0.0,0,0,0,0,0,0.0,0,0,0,0,0,0.0,0,0,0,0,0,0.0,0,0,0,0,0,0.0,0,0,0,0,0,0.0,0,0,0,0,0,0.0,0,0,0.0,0.0,0,0.0,1,72,0.0,0.0,0.0,0.0,0,0,0,0,0,0.0,0,0,0,0,0,0.0,0,0,0,0,0,0.0,0,0,0,0,0,0.0,0,0,0,0,0,0.0,0,0,0,0,0,0.0,0,0,0,0,0,0.0,0,0,0,0,0,0.0,1,20,0.0,0.0,0.0,2000000.0,1,668,0.0,0.0,0,0.0,0,0,0,0,0,0.0,0,0,0,0,0,0.0,0,0,0,0,0,0.0,0,0,0,0,0,0.0,0,0,0,0,0,0.0,0,0,0,0,0,0.0,0,0,0,0,0,0.0,0,0,0,0,0,0.0,1,20,0.0,0.0,0.0,0.0,0,0,0,0,0,0.0,0,0,0,0,0,0.0,2,13050,0.107,0.107,0.0,40500000.0,0,0,0,0,0,0.0,0,0,0,0,0,0.0,0,0,0,0,0,0.0,0,0,0,0,0,0.0,0,0,0,0,0,0.0,0,0,0,0,0,0.0,2,17728,0.112,0.112,0.0,12000000.0,0,0,0,0,0,0.0,0,0,0,0,0,0.0,0,0,0,0,0,0.0,0,0,0,0,0,0.0,2,142,0.111,0.111,0.0,38500000.0,0,0,0,0,0,0.0,0,0,0,0,0,0.0,0,0,0,0,0,0.0,0,0,0,0,0,0.0,0,0,0,0,0,0.0,0,0,0,0,0,0.0,3,372,0.118,0.11,0.000128,63000000.0,0,0,0,0,0,0.0,0,0,0,0,0,0.0,0,0,0.0,0.0,0.0,0.0,1,20,0.0,0.0,0,0.0,1,20,0.0,0.0,0,-1000000.0,13,3133,0.021,0.02,3.63636363637e-07,153846.153846,2,40,0.198,0.198,0,0.0,1,20,0.0,0.0,0,0.0,0,0,0,0,0,0.0,3,1089,0.106,0.1,7.2e-05,4333333.33333,3,16194,0.105,0.0995,6.05e-05,4000000.0,3,40218,0.105,0.0995,6.05e-05,4000000.0,0,0,0,0,0,0.0,3,225,0.106,0.1,7.2e-05,4333333.33333,8,1044,0.069,0.0161428571429,0.000595142857143,0.0,45,44054,0.02,0.00545454545455,4.17885835095e-05,0.0,0,0,-4.18407067482e-06,-2.41090366853e-05,5.03945146226e-05,-0.748914503444,-3.4105637071e-05,0.838932861248,-0.00037181143553,-0.000893876107358,4.1407261528e-05,4.71700508067e-05,6.00067746408e-05,-4.17797565796e-05,4.86531179433e-06,0.0,0.0,0.0,0.0,0.0,0.0,0.0,0.0,0.0,0.0,0.0,0.0,0.0,-0.00178259716788,0.00358999160383,-1.78940761025e-05,-0.0852018950619,0.000108548968587,0.102944265025,-0.00154776903707,-0.00575255413985,0.0093874444735,0.018199099767,0.0434326134331,-0.0421137017286,2.59541757446e-05,0,0,0,0,9223372036854775807,0,9223372036854775807,0,9223372036854775807,0,9223372036854775807,0,9223372036854775807,0,9223372036854775807,0.0,0.0,9.22337203685e+18,0.0,9.22337203685e+18,0.0,9.22337203685e+18,0.0,9.22337203685e+18,0.0,9.22337203685e+18,0.0,9.22337203685e+18,0.0,0.0,9.22337203685e+18,0.0,9.22337203685e+18,0.0,9.22337203685e+18,0.0,9.22337203685e+18,0.0,9.22337203685e+18,0.0,9.22337203685e+18,0.0,0.0,9.22337203685e+18,0.0,9.22337203685e+18,0.0,9.22337203685e+18,0.0,9.22337203685e+18,0.0,9.22337203685e+18,0.0,9.22337203685e+18,0,0,9223372036854775807,0,9223372036854775807,0,9223372036854775807,0,9223372036854775807,0,9223372036854775807,0,9223372036854775807,0,9223372036854775807,0,9223372036854775807,0,9223372036854775807,0,9223372036854775807,0,9223372036854775807,0,9223372036854775807,0,9223372036854775807,0,9223372036854775807,0,9223372036854775807,0,9223372036854775807,0,9223372036854775807,0,9223372036854775807,0,9223372036854775807,0,9223372036854775807,0,9223372036854775807,0,9223372036854775807,0,0,0,0,9223372036854775807,9223372036854775807,9223372036854775807,0,0,0,0,0,0,0,0,0,0,2,0,20,1,0,2,0,0,0,0,0,0,0,0,0,0,0,0,0,0,0,0,0,0,0,0,0,0,0,0,0,0,0,0,0,0,0,0,0,0,0,0,0,0,0,0,0,0,0,0,0,0,0,0,0,0,0,0,0,0,0,0,0,0,0,0,0,0,0,0,0,0,0,0,0,0,0,0,0,0,0,0,0,0,0,0,0,0,0,0,0,0,0,0,0,0,0,0,0,0,0,0,0,0,0,0,0,0,0,0,0,0,0,0,0,0,0,0,0,0,0,0,0,0,0,0,0,0,0,0,0,0,2,0,12,0,0,0,0,0,0,0,0,0,0,0,0,0,0,0,0,0,0,0,0,0,0,0,0,0,0,0,1,0,6,0,0,0,0,0,0,0,0,0,0,0,0,0,0,0,0,0,0,0,0,0,0,0,0,0,0,0,0,0,0,0,0,0,0,0,0,0,0,0,0,0,0,0,0,0,0,0,0,0,0,0,0,0,0,0,0,0,0,0,0,0,0,0,0,0,0,0,0,0,0,0,0,0,0,0,0,0,0,0,0,0,0,0,0,0,0,0,0,0,0,0,0,0,0,0,0,0,0,0,0,0,0,0,0,0,0,0,0,0,0,0,1,0,80
2,40,0.193,0.193,0.0,2500000.0,12,6456,0.039,0.0187272727273,0.000297018181818,13000000.0,252,2016,0.006,0.00099203187251,1.03193625498e-06,0.0,3,144,0.097,0.0955,4.5e-06,0.0,0,0,0,0,0,0.0,1,20,0.0,0.0,0.0,0.0,250,151250,0.038,0.00085140562249,2.61270242259e-05,0.0,0,0,0,0,0,0.0,0,0,0,0,0,0.0,1,20,0.0,0.0,0.0,0.0,1,326,0.0,0.0,0,0.0,13,7670,0.038,0.0179166666667,0.000266083333333,9230769.23077,0,0,0,0,0,0.0,0,0,0,0,0,0.0,6,2238,0.12,0.0418,0.0033962,168666666.667,3,27957,0.117,0.101,0.000512,174333333.333,0,0,0,0,0,0.0,0,0,0,0,0,0.0,0,0,0,0,0,0.0,0,0,0,0,0,0.0,3,398,0.1,0.0975,1.25e-05,207333333.333,0,0,0,0,0,0.0,0,0,0,0,0,0.0,0,0,0.0,0.0,0,0.0,3,144,0.097,0.0955,4.5e-06,0.0,13,9334,0.038,0.018,0.000264181818182,9307692.30769,0,0,0,0,0,0.0,0,0,0,0,0,0.0,0,0,0,0,0,0.0,1,71,0.0,0.0,0.0,0.0,0,0,0,0,0,0.0,0,0,0,0,0,0.0,0,0,0,0,0,0.0,0,0,0,0,0,0.0,0,0,0,0,0,0.0,0,0,0,0,0,0.0,0,0,0,0,0,0.0,1,880,0.0,0.0,0,0.0,1,72,0.0,0.0,0.0,0.0,0,0,0,0,0,0.0,0,0,0,0,0,0.0,0,0,0,0,0,0.0,0,0,0,0,0,0.0,0,0,0,0,0,0.0,0,0,0,0,0,0.0,0,0,0,0,0,0.0,0,0,0,0,0,0.0,2,40,0.201,0.201,0.0,-1000000.0,1,668,0.0,0.0,0,0.0,0,0,0,0,0,0.0,0,0,0,0,0,0.0,0,0,0,0,0,0.0,0,0,0,0,0,0.0,0,0,0,0,0,0.0,0,0,0,0,0,0.0,0,0,0,0,0,0.0,0,0,0,0,0,0.0,1,20,0.0,0.0,0.0,1000000.0,0,0,0,0,0,0.0,0,0,0,0,0,0.0,2,13050,0.113,0.113,0.0,39500000.0,0,0,0,0,0,0.0,0,0,0,0,0,0.0,0,0,0,0,0,0.0,0,0,0,0,0,0.0,0,0,0,0,0,0.0,0,0,0,0,0,0.0,2,17728,0.119,0.119,0.0,13500000.0,0,0,0,0,0,0.0,0,0,0,0,0,0.0,0,0,0,0,0,0.0,0,0,0,0,0,0.0,2,142,0.114,0.114,0.0,39000000.0,0,0,0,0,0,0.0,0,0,0,0,0,0.0,0,0,0,0,0,0.0,0,0,0,0,0,0.0,0,0,0,0,0,0.0,0,0,0,0,0,0.0,2,252,0.125,0.125,0.0,67500000.0,0,0,0,0,0,0.0,0,0,0,0,0,0.0,19,3616,0.002,0.000222222222222,3.00653594771e-07,0.0,2,40,0.2,0.2,0,0.0,1,20,0.0,0.0,0,-5000000.0,12,2892,0.024,0.0192727272727,7.41818181818e-06,1500000.0,1,20,0.0,0.0,0,1000000.0,2,40,0.199,0.199,0,0.0,0,0,0,0,0,0.0,2,726,0.098,0.098,0.0,5500000.0,2,10796,0.096,0.096,0.0,4500000.0,2,26812,0.096,0.096,0.0,4500000.0,0,0,0,0,0,0.0,2,150,0.096,0.096,0.0,4500000.0,16,2269,0.044,0.0152666666667,0.00029320952381,0.0,49,49076,0.02,0.0049375,3.41875e-05,0.0,0,0,-4.21143549989e-06,-2.40856207663e-05,4.98638759501e-05,-0.773196488563,-3.42029114648e-05,0.868394412045,-0.000371892562938,-0.000893884983003,4.14294433115e-05,4.71829209614e-05,5.99937531129e-05,-4.17878032337e-05,4.8652008573e-06,0.0,0.0,0.0,0.0,0.0,0.0,0.0,0.0,0.0,0.0,0.0,0.0,0.0,-0.00181295393553,0.00378221586472,-1.78896984512e-05,-0.0851895509306,0.000107822523938,0.103367334613,-0.00161164990714,-0.0057573075631,0.00940727313277,0.0182122418325,0.0434191304871,-0.0421116211232,2.60739821034e-05,0,0,0,0,9223372036854775807,0,9223372036854775807,0,9223372036854775807,0,9223372036854775807,0,9223372036854775807,0,9223372036854775807,6.0,12.5,0.0,6.63999996185,6.12478568049,10469376.0,10469376.0,10469376.0,0.0,486219776.0,486219776.0,486219776.0,0.0,6.0,10.3999996185,0.0,6.06000003815,5.5360636105,15544320.0,15544320.0,15544320.0,0.0,472285184.0,472285184.0,472285184.0,0.0,11.0,32.0,9.89999961853,18.2399999619,11.076236017,69324800.0,65273856.0,68421222.4,1760721.71245,962248704.0,962248704.0,962248704.0,0.0,0,0,9223372036854775807,0,9223372036854775807,0,9223372036854775807,0,9223372036854775807,0,9223372036854775807,0,9223372036854775807,0,9223372036854775807,0,9223372036854775807,0,9223372036854775807,0,9223372036854775807,0,9223372036854775807,0,9223372036854775807,0,9223372036854775807,0,9223372036854775807,0,9223372036854775807,0,9223372036854775807,0,9223372036854775807,0,9223372036854775807,0,9223372036854775807,0,9223372036854775807,0,9223372036854775807,0,9223372036854775807,0,0,0,0,9223372036854775807,9223372036854775807,9223372036854775807,0,0,0,0,1,0,50,0,0,0,0,0,0,0,0,0,0,0,0,0,0,0,0,0,0,0,0,0,0,0,0,1,0,3,2,1,102,0,0,0,0,0,0,1,0,16,0,0,0,0,0,0,0,0,0,0,0,0,0,0,0,0,0,0,0,0,0,0,0,0,0,0,0,2,0,21,1,0,40,0,0,0,0,0,0,0,0,0,0,0,0,0,0,0,0,0,0,0,0,0,0,0,0,0,0,0,0,0,0,0,0,0,1,0,3,0,0,0,0,0,0,0,0,0,0,0,0,0,0,0,0,0,0,0,0,0,0,0,0,0,0,0,0,0,0,0,0,0,0,0,0,0,0,0,0,0,0,0,0,0,0,0,0,0,0,0,0,0,0,0,0,0,0,0,0,0,0,0,0,0,0,0,0,0,0,0,0,0,0,0,0,0,0,0,0,0,0,0,0,0,0,0,0,0,0,0,0,0,0,0,0,0,0,0,0,0,0,0,0,0,0,0,0,0,0,0,0,0,0,0,0,0,0,0,0,0,0,0,0,0,0,0,0,0,0,0,0,0,0,0,1,0,6,0,0,0,1,0,50,1,0,6,1,0,6,0,0,0,0,0,0,3,0,30,0,0,0,0,0,0,0,0,0,0,0,0,0,0,0
1,20,0.0,0.0,0.0,0.0,13,6994,0.038,0.0189166666667,0.000292265151515,16153846.1538,251,2008,0.006,0.001,5.9437751004e-07,0.0,2,96,0.109,0.109,0.0,0.0,0,0,0,0,0,0.0,2,40,0.2,0.2,0.0,0.0,247,149435,0.049,0.000865853658537,3.06309109009e-05,0.0,0,0,0,0,0,0.0,0,0,0,0,0,0.0,2,40,0.201,0.201,0.0,500000.0,1,326,0.0,0.0,0,0.0,13,7670,0.04,0.0191666666667,0.000268878787879,13230769.2308,0,0,0,0,0,0.0,0,0,0,0,0,0.0,2,746,0.0,0.0,0.0,155000000.0,2,18582,0.096,0.096,0.0,158500000.0,0,0,0,0,0,0.0,0,0,0,0,0,0.0,0,0,0,0,0,0.0,0,0,0,0,0,0.0,2,261,0.112,0.112,0.0,189500000.0,0,0,0,0,0,0.0,0,0,0,0,0,0.0,0,0,0.0,0.0,0,0.0,2,96,0.099,0.099,0.0,0.0,13,9334,0.039,0.0189166666667,0.000216265151515,10153846.1538,0,0,0,0,0,0.0,0,0,0,0,0,0.0,0,0,0,0,0,0.0,1,71,0.0,0.0,0.0,0.0,0,0,0,0,0,0.0,0,0,0,0,0,0.0,0,0,0,0,0,0.0,0,0,0,0,0,0.0,0,0,0,0,0,0.0,0,0,0,0,0,0.0,0,0,0,0,0,0.0,1,910,0.0,0.0,0,-4000000.0,1,72,0.0,0.0,0.0,-4000000.0,0,0,0,0,0,0.0,0,0,0,0,0,0.0,0,0,0,0,0,0.0,0,0,0,0,0,0.0,0,0,0,0,0,0.0,0,0,0,0,0,0.0,0,0,0,0,0,0.0,0,0,0,0,0,0.0,1,20,0.0,0.0,0.0,4000000.0,1,668,0.0,0.0,0,0.0,0,0,0,0,0,0.0,0,0,0,0,0,0.0,0,0,0,0,0,0.0,0,0,0,0,0,0.0,0,0,0,0,0,0.0,0,0,0,0,0,0.0,0,0,0,0,0,0.0,0,0,0,0,0,0.0,1,20,0.0,0.0,0.0,0.0,0,0,0,0,0,0.0,0,0,0,0,0,0.0,2,13050,0.116,0.116,0.0,32000000.0,0,0,0,0,0,0.0,0,0,0,0,0,0.0,0,0,0,0,0,0.0,0,0,0,0,0,0.0,0,0,0,0,0,0.0,0,0,0,0,0,0.0,2,17728,0.104,0.104,0.0,9000000.0,0,0,0,0,0,0.0,0,0,0,0,0,0.0,0,0,0,0,0,0.0,0,0,0,0,0,0.0,2,142,0.116,0.116,0.0,30000000.0,0,0,0,0,0,0.0,0,0,0,0,0,0.0,0,0,0,0,0,0.0,0,0,0,0,0,0.0,0,0,0,0,0,0.0,0,0,0,0,0,0.0,2,264,0.116,0.116,0.0,60000000.0,0,0,0,0,0,0.0,0,0,0,0,0,0.0,10,1913,0.0,0.0,0.0,0.0,1,20,0.0,0.0,0,1000000.0,1,20,0.0,0.0,0,-1000000.0,13,3133,0.022,0.0199166666667,1.53787878788e-06,230769.230769,1,20,0.0,0.0,0,0.0,1,20,0.0,0.0,0,0.0,0,0,0,0,0,0.0,3,1089,0.105,0.096,0.000162,7666666.66667,3,16194,0.101,0.096,5e-05,9000000.0,3,40218,0.105,0.096,0.000162,7666666.66667,0,0,0,0,0,0.0,3,225,0.105,0.096,0.000162,7666666.66667,13,2005,0.081,0.0180833333333,0.000607174242424,0.0,48,48029,0.02,0.00517021276596,4.02312673451e-05,0.0,0,0,-4.22955652368e-06,-2.38494214564e-05,4.9313297481e-05,-0.797512308644,-3.43284513171e-05,0.897983795205,-0.000371953096954,-0.000893881461359,4.14515514144e-05,4.71955703727e-05,5.99822598968e-05,-4.17986601746e-05,4.8654321736e-06,0.0,0.0,0.0,0.0,0.0,0.0,0.0,0.0,0.0,0.0,0.0,0.0,0.0,-0.0018467922428,0.00395414066809,-1.78834454612e-05,-0.0852064740213,0.000107126257762,0.104462199719,-0.00166155897236,-0.00575097592954,0.00942620988472,0.0182245989163,0.0434047420902,-0.0421099745641,2.63713224409e-05,0,0,0,0,9223372036854775807,0,9223372036854775807,0,9223372036854775807,0,9223372036854775807,0,9223372036854775807,0,9223372036854775807,6.0,10.6999998093,0.0,4.2,5.75282538948,10469376.0,10469376.0,10469376.0,0.0,486219776.0,486219776.0,486219776.0,0.0,0.0,0.0,9.22337203685e+18,0.0,9.22337203685e+18,0.0,9.22337203685e+18,0.0,9.22337203685e+18,0.0,9.22337203685e+18,0.0,9.22337203685e+18,0.0,0.0,9.22337203685e+18,0.0,9.22337203685e+18,0.0,9.22337203685e+18,0.0,9.22337203685e+18,0.0,9.22337203685e+18,0.0,9.22337203685e+18,0,0,9223372036854775807,0,9223372036854775807,0,9223372036854775807,0,9223372036854775807,0,9223372036854775807,0,9223372036854775807,0,9223372036854775807,0,9223372036854775807,0,9223372036854775807,0,9223372036854775807,0,9223372036854775807,0,9223372036854775807,0,9223372036854775807,0,9223372036854775807,0,9223372036854775807,0,9223372036854775807,0,9223372036854775807,0,9223372036854775807,0,9223372036854775807,0,9223372036854775807,0,9223372036854775807,0,9223372036854775807,0,0,0,0,9223372036854775807,9223372036854775807,9223372036854775807,0,0,0,0,0,0,0,0,0,0,0,0,0,0,0,0,1,0,6,0,0,0,0,0,0,0,0,0,1,0,6,0,0,0,1,0,51,0,0,0,0,0,0,0,0,0,0,0,0,0,0,0,0,0,0,0,0,0,0,0,0,0,0,0,0,0,0,0,0,0,0,0,0,0,0,0,1,0,51,0,0,0,0,0,0,0,0,0,1,0,5,0,0,0,0,0,0,0,0,0,0,0,0,0,0,0,0,0,0,0,0,0,0,0,0,0,0,0,0,0,0,0,0,0,0,0,0,0,0,0,0,0,0,0,0,0,0,0,0,0,0,0,0,0,0,1,0,4,0,0,0,0,0,0,0,0,0,0,0,0,0,0,0,0,0,0,0,0,0,0,0,0,0,0,0,0,0,0,0,0,0,0,0,0,0,0,0,0,0,0,0,0,0,0,0,0,0,0,0,0,0,0,0,0,0,0,0,0,0,0,0,0,0,0,0,0,0,0,0,0,0,0,0,0,0,0,0,0,0,0,0,0,0,0,0,0,0,0,0,0,0,0,0,0,0,0,0,0,0,0,0,0,0,1,0,6,1,0,51,0,0,0,0,0,0,0,0,0,1,0,11,1,0,10,1,0,10,0,0,0,1,0,10,0,0,0,1,0,390
1,20,0.0,0.0,0.0,1000000.0,13,6994,0.045,0.0188333333333,0.000317060606061,12846153.8462,251,2008,0.01,0.001,1.68674698795e-06,0.0,3,144,0.108,0.1035,4.05e-05,0.0,0,0,0,0,0,0.0,1,20,0.0,0.0,0.0,0.0,235,142175,0.042,0.000897435897436,2.75430835259e-05,0.0,0,0,0,0,0,0.0,0,0,0,0,0,0.0,1,20,0.0,0.0,0.0,0.0,0,0,0.0,0.0,0,0.0,12,7080,0.041,0.02,0.0003304,13833333.3333,0,0,0,0,0,0.0,0,0,0,0,0,0.0,2,746,0.0,0.0,0.0,168000000.0,3,27912,0.119,0.113,7.2e-05,181333333.333,0,0,0,0,0,0.0,0,0,0,0,0,0.0,0,0,0,0,0,0.0,0,0,0,0,0,0.0,2,262,0.119,0.119,0.0,209000000.0,0,0,0,0,0,0.0,0,0,0,0,0,0.0,0,0,0.0,0.0,0,0.0,3,144,0.099,0.099,0.0,0.0,12,8616,0.049,0.0195454545455,0.000351272727273,8666666.66667,0,0,0,0,0,0.0,0,0,0,0,0,0.0,0,0,0,0,0,0.0,2,142,0.195,0.195,0.0,3500000.0,0,0,0,0,0,0.0,0,0,0,0,0,0.0,0,0,0,0,0,0.0,0,0,0,0,0,0.0,0,0,0,0,0,0.0,0,0,0,0,0,0.0,0,0,0,0,0,0.0,1,910,0.0,0.0,0,0.0,2,144,0.199,0.199,0.0,500000.0,0,0,0,0,0,0.0,0,0,0,0,0,0.0,0,0,0,0,0,0.0,0,0,0,0,0,0.0,0,0,0,0,0,0.0,0,0,0,0,0,0.0,0,0,0,0,0,0.0,0,0,0,0,0,0.0,1,20,0.0,0.0,0.0,0.0,1,668,0.0,0.0,0,0.0,0,0,0,0,0,0.0,0,0,0,0,0,0.0,0,0,0,0,0,0.0,0,0,0,0,0,0.0,0,0,0,0,0,0.0,0,0,0,0,0,0.0,0,0,0,0,0,0.0,0,0,0,0,0,0.0,2,40,0.2,0.2,0.0,0.0,0,0,0,0,0,0.0,0,0,0,0,0,0.0,2,13050,0.13,0.13,0.0,38500000.0,0,0,0,0,0,0.0,0,0,0,0,0,0.0,0,0,0,0,0,0.0,0,0,0,0,0,0.0,0,0,0,0,0,0.0,0,0,0,0,0,0.0,2,17728,0.129,0.129,0.0,11000000.0,0,0,0,0,0,0.0,0,0,0,0,0,0.0,0,0,0,0,0,0.0,0,0,0,0,0,0.0,2,142,0.131,0.131,0.0,38000000.0,0,0,0,0,0,0.0,0,0,0,0,0,0.0,0,0,0,0,0,0.0,0,0,0,0,0,0.0,0,0,0,0,0,0.0,0,0,0,0,0,0.0,2,239,0.123,0.123,0.0,66000000.0,0,0,0,0,0,0.0,0,0,0,0,0,0.0,0,0,0.0,0.0,0.0,0.0,1,20,0.0,0.0,0,1000000.0,2,40,0.195,0.195,0,0.0,12,2892,0.032,0.0199090909091,4.80909090909e-05,583333.333333,1,20,0.0,0.0,0,0.0,1,20,0.0,0.0,0,0.0,0,0,0,0,0,0.0,2,726,0.099,0.099,0.0,9000000.0,2,10796,0.098,0.098,0.0,8500000.0,2,26812,0.099,0.099,0.0,9000000.0,0,0,0,0,0,0.0,2,150,0.099,0.099,0.0,9000000.0,8,1259,0.073,0.0264285714286,0.000628952380952,0.0,48,47751,0.021,0.00508510638298,3.65578168363e-05,0.0,0,0,-4.24227103313e-06,-2.35196867173e-05,4.87910213458e-05,-0.819998307542,-3.1920940474e-05,0.925514074928,-0.000371993712418,-0.000893875294866,4.14720208859e-05,4.72071167739e-05,5.99738145581e-05,-4.18077204073e-05,4.86578748315e-06,0.0,0.0,0.0,0.0,0.0,0.0,0.0,0.0,0.0,0.0,0.0,0.0,0.0,-0.00187790888441,0.00409185036441,-1.78816696759e-05,-0.0852276138855,0.000106561192381,0.105529786995,-0.00169405801171,-0.00574017067361,0.00944283844566,0.0182355113624,0.0433931032014,-0.0421083623742,2.69055198459e-05,0,0,0,0,9223372036854775807,0,9223372036854775807,0,9223372036854775807,0,9223372036854775807,0,9223372036854775807,0,9223372036854775807,0.0,0.0,9.22337203685e+18,0.0,9.22337203685e+18,0.0,9.22337203685e+18,0.0,9.22337203685e+18,0.0,9.22337203685e+18,0.0,9.22337203685e+18,0.0,0.0,9.22337203685e+18,0.0,9.22337203685e+18,0.0,9.22337203685e+18,0.0,9.22337203685e+18,0.0,9.22337203685e+18,0.0,9.22337203685e+18,0.0,0.0,9.22337203685e+18,0.0,9.22337203685e+18,0.0,9.22337203685e+18,0.0,9.22337203685e+18,0.0,9.22337203685e+18,0.0,9.22337203685e+18,0,0,9223372036854775807,0,9223372036854775807,0,9223372036854775807,0,9223372036854775807,0,9223372036854775807,0,9223372036854775807,0,9223372036854775807,0,9223372036854775807,0,9223372036854775807,0,9223372036854775807,0,9223372036854775807,0,9223372036854775807,0,9223372036854775807,0,9223372036854775807,0,9223372036854775807,0,9223372036854775807,0,9223372036854775807,0,9223372036854775807,0,9223372036854775807,0,9223372036854775807,0,9223372036854775807,0,9223372036854775807,0,0,0,0,9223372036854775807,9223372036854775807,9223372036854775807,0,1,0,5,0,0,0,0,0,0,0,0,0,0,0,0,0,0,0,0,0,0,0,0,0,0,0,0,1,0,6,0,0,0,0,0,0,0,0,0,0,0,0,0,0,0,1,0,11,0,0,0,0,0,0,0,0,0,0,0,0,0,0,0,0,0,0,0,0,0,0,0,0,0,0,0,0,0,0,0,0,0,0,0,0,0,0,0,0,0,0,0,0,0,0,0,0,0,0,0,0,0,0,0,0,0,0,0,0,0,0,0,0,0,0,0,0,0,0,0,0,0,0,0,0,0,0,0,0,0,0,0,0,0,0,0,0,0,0,0,0,0,0,0,0,0,0,0,0,0,0,0,0,0,0,0,0,0,0,0,0,0,0,0,0,0,0,0,0,0,0,0,0,0,0,0,0,0,0,0,0,1,0,9,0,0,0,0,0,0,0,0,0,0,0,0,0,0,0,0,0,0,1,0,9,0,0,0,0,0,0,0,0,0,0,0,0,1,0,9,0,0,0,0,0,0,0,0,0,0,0,0,0,0,0,0,0,0,1,0,9,0,0,0,0,0,0,0,0,0,0,0,0,0,0,0,0,0,0,0,0,0,0,0,0,0,0,0,0,0,0,0,0,0,0,0,0,0,0,0,0,0,0,0,0,0,0,0,0
1,20,0.0,0.0,0.0,0.0,12,6456,0.038,0.0194545454545,0.000177672727273,8500000.0,247,1976,0.013,0.00099593495935,1.07345279575e-06,0.0,2,96,0.099,0.099,0.0,0.0,1,574,0,0,0,-6000000.0,1,20,0.0,0.0,0.0,0.0,263,159115,0.038,0.000885496183206,2.65615512854e-05,0.0,0,0,0,0,0,0.0,0,0,0,0,0,0.0,1,20,0.0,0.0,0.0,0.0,1,326,0.0,0.0,0,0.0,13,7670,0.036,0.01925,0.000242386363636,10846153.8462,0,0,0,0,0,0.0,0,0,0,0,0,0.0,4,1492,0.135,0.045,0.006075,205000000.0,2,18614,0.134,0.134,0.0,209500000.0,0,0,0,0,0,0.0,0,0,0,0,0,0.0,0,0,0,0,0,0.0,0,0,0,0,0,0.0,2,290,0.141,0.141,0.0,247500000.0,0,0,0,0,0,0.0,0,0,0,0,0,0.0,0,0,0.0,0.0,0,0.0,2,96,0.099,0.099,0.0,0.0,13,9334,0.035,0.019,0.000239272727273,11076923.0769,0,0,0,0,0,0.0,0,0,0,0,0,0.0,0,0,0,0,0,0.0,1,71,0.0,0.0,0.0,0.0,0,0,0,0,0,0.0,0,0,0,0,0,0.0,0,0,0,0,0,0.0,0,0,0,0,0,0.0,0,0,0,0,0,0.0,0,0,0,0,0,0.0,0,0,0,0,0,0.0,0,0,0.0,0.0,0,0.0,1,72,0.0,0.0,0.0,0.0,0,0,0,0,0,0.0,0,0,0,0,0,0.0,0,0,0,0,0,0.0,0,0,0,0,0,0.0,0,0,0,0,0,0.0,0,0,0,0,0,0.0,0,0,0,0,0,0.0,0,0,0,0,0,0.0,1,20,0.0,0.0,0.0,0.0,1,668,0.0,0.0,0,0.0,0,0,0,0,0,0.0,0,0,0,0,0,0.0,0,0,0,0,0,0.0,0,0,0,0,0,0.0,0,0,0,0,0,0.0,0,0,0,0,0,0.0,0,0,0,0,0,0.0,0,0,0,0,0,0.0,1,20,0.0,0.0,0.0,0.0,0,0,0,0,0,0.0,0,0,0,0,0,0.0,2,13050,0.104,0.104,0.0,33000000.0,0,0,0,0,0,0.0,0,0,0,0,0,0.0,0,0,0,0,0,0.0,0,0,0,0,0,0.0,0,0,0,0,0,0.0,0,0,0,0,0,0.0,3,26592,0.115,0.1105,4.05e-05,8000000.0,0,0,0,0,0,0.0,0,0,0,0,0,0.0,0,0,0,0,0,0.0,0,0,0,0,0,0.0,2,142,0.103,0.103,0.0,31500000.0,0,0,0,0,0,0.0,0,0,0,0,0,0.0,0,0,0,0,0,0.0,0,0,0,0,0,0.0,0,0,0,0,0,0.0,0,0,0,0,0,0.0,2,238,0.114,0.114,0.0,65000000.0,0,0,0,0,0,0.0,0,0,0,0,0,0.0,10,1913,0.0,0.0,0.0,0.0,1,20,0.0,0.0,0,0.0,1,20,0.0,0.0,0,-4000000.0,13,3133,0.025,0.02,6.90909090909e-06,769230.769231,2,40,0.2,0.2,0,0.0,2,40,0.194,0.194,0,-3000000.0,0,0,0,0,0,0.0,3,1089,0.096,0.092,3.2e-05,6333333.33333,3,16194,0.096,0.0915,4.05e-05,5666666.66667,3,40218,0.097,0.092,5e-05,6000000.0,0,0,0,0,0,0.0,3,225,0.096,0.092,3.2e-05,6333333.33333,7,1043,0.052,0.0228333333333,0.000582966666667,0.0,44,43956,0.023,0.00532558139535,4.21771871539e-05,0.0,0,0,-4.25497788914e-06,-2.30600117828e-05,4.82127943604e-05,-0.844396319707,-3.23209453681e-05,0.95556491413,-0.00037202996752,-0.000893866896334,4.14935473643e-05,4.72197267092e-05,5.99647940795e-05,-4.18177631633e-05,4.86627847085e-06,0.0,0.0,0.0,0.0,0.0,0.0,0.0,0.0,0.0,0.0,0.0,0.0,0.0,-0.00191268246144,0.00423240487466,-1.78792397884e-05,-0.0852309063165,0.0001060072717,0.106627363566,-0.0017255418603,-0.00572519677028,0.00945993076585,0.0182469642625,0.0433810863973,-0.042106550081,2.76008033185e-05,0,0,0,0,9223372036854775807,0,9223372036854775807,0,9223372036854775807,0,9223372036854775807,0,9223372036854775807,0,9223372036854775807,6.0,10.5,0.0,6.08000011444,5.55580787298,10469376.0,10469376.0,10469376.0,0.0,486219776.0,486219776.0,486219776.0,0.0,0.0,0.0,9.22337203685e+18,0.0,9.22337203685e+18,0.0,9.22337203685e+18,0.0,9.22337203685e+18,0.0,9.22337203685e+18,0.0,9.22337203685e+18,0.0,0.0,9.22337203685e+18,0.0,9.22337203685e+18,0.0,9.22337203685e+18,0.0,9.22337203685e+18,0.0,9.22337203685e+18,0.0,9.22337203685e+18,0,0,9223372036854775807,0,9223372036854775807,0,9223372036854775807,0,9223372036854775807,0,9223372036854775807,0,9223372036854775807,0,9223372036854775807,0,9223372036854775807,0,9223372036854775807,0,9223372036854775807,0,9223372036854775807,0,9223372036854775807,0,9223372036854775807,0,9223372036854775807,0,9223372036854775807,0,9223372036854775807,0,9223372036854775807,0,9223372036854775807,0,9223372036854775807,0,9223372036854775807,0,9223372036854775807,0,9223372036854775807,0,0,0,0,9223372036854775807,9223372036854775807,9223372036854775807,0,1,0,6,0,0,0,0,0,0,0,0,0,0,0,0,0,0,0,0,0,0,0,0,0,0,0,0,0,0,0,0,0,0,0,0,0,0,0,0,0,0,0,0,0,0,0,0,0,0,0,0,0,0,0,0,0,0,0,0,0,1,0,11,0,0,0,0,0,0,0,0,0,0,0,0,1,0,43,0,0,0,0,0,0,0,0,0,0,0,0,0,0,0,0,0,0,0,0,0,0,0,0,0,0,0,0,0,0,0,0,0,0,0,0,1,0,6,0,0,0,0,0,0,0,0,0,0,0,0,0,0,0,0,0,0,0,0,0,0,0,0,2,0,10,0,0,0,0,0,0,0,0,0,0,0,0,0,0,0,0,0,0,0,0,0,0,0,0,0,0,0,0,0,0,0,0,0,0,0,0,0,0,0,0,0,0,0,0,0,0,0,0,0,0,0,0,0,0,0,0,0,0,0,0,0,0,0,0,0,0,0,0,0,0,0,0,0,0,0,0,0,0,0,0,0,0,0,0,0,0,0,0,0,0,0,0,0,0,0,0,0,0,0,0,0,0,1,0,46,0,0,0,0,0,0,0,0,0,0,0,0,0,0,0,0,0,0,0,0,0,0,0,0,0,0,0,0,0,0,0,0,0,0,0,0,0,0,0
2,40,0.2,0.2,0.0,0.0,13,6994,0.04,0.0181666666667,0.000289060606061,13615384.6154,254,2032,0.006,0.00098418972332,8.8070142418e-07,0.0,3,144,0.102,0.099,1.8e-05,0.0,0,0,0,0,0,0.0,1,20,0.0,0.0,0.0,0.0,257,155485,0.039,0.00086328125,2.60243719363e-05,0.0,0,0,0,0,0,0.0,0,0,0,0,0,0.0,1,20,0.0,0.0,0.0,-1000000.0,0,0,0.0,0.0,0,0.0,12,7080,0.041,0.0187272727273,0.000305018181818,13250000.0,0,0,0,0,0,0.0,0,0,0,0,0,0.0,4,1492,0.13,0.0433333333333,0.00563333333333,207500000.0,1,9308,0.0,0.0,0.0,207000000.0,0,0,0,0,0,0.0,0,0,0,0,0,0.0,0,0,0,0,0,0.0,0,0,0,0,0,0.0,2,310,0.145,0.145,0.0,258500000.0,0,0,0,0,0,0.0,0,0,0,0,0,0.0,0,0,0.0,0.0,0,0.0,3,144,0.102,0.099,1.8e-05,0.0,12,8616,0.041,0.0187272727273,0.000300818181818,13000000.0,0,0,0,0,0,0.0,0,0,0,0,0,0.0,0,0,0,0,0,0.0,1,71,0.0,0.0,0.0,0.0,0,0,0,0,0,0.0,0,0,0,0,0,0.0,0,0,0,0,0,0.0,0,0,0,0,0,0.0,0,0,0,0,0,0.0,0,0,0,0,0,0.0,0,0,0,0,0,0.0,1,940,0.0,0.0,0,5000000.0,1,72,0.0,0.0,0.0,5000000.0,0,0,0,0,0,0.0,0,0,0,0,0,0.0,0,0,0,0,0,0.0,0,0,0,0,0,0.0,0,0,0,0,0,0.0,0,0,0,0,0,0.0,0,0,0,0,0,0.0,0,0,0,0,0,0.0,2,40,0.2,0.2,0.0,0.0,1,668,0.0,0.0,0,0.0,0,0,0,0,0,0.0,0,0,0,0,0,0.0,0,0,0,0,0,0.0,0,0,0,0,0,0.0,0,0,0,0,0,0.0,0,0,0,0,0,0.0,0,0,0,0,0,0.0,0,0,0,0,0,0.0,1,20,0.0,0.0,0.0,7000000.0,0,0,0,0,0,0.0,0,0,0,0,0,0.0,3,19575,0.118,0.115,1.8e-05,35666666.6667,0,0,0,0,0,0.0,0,0,0,0,0,0.0,0,0,0,0,0,0.0,0,0,0,0,0,0.0,0,0,0,0,0,0.0,0,0,0,0,0,0.0,2,17728,0.119,0.119,0.0,10500000.0,0,0,0,0,0,0.0,0,0,0,0,0,0.0,0,0,0,0,0,0.0,0,0,0,0,0,0.0,3,213,0.116,0.114,8e-06,35000000.0,0,0,0,0,0,0.0,0,0,0,0,0,0.0,0,0,0,0,0,0.0,0,0,0,0,0,0.0,0,0,0,0,0,0.0,0,0,0,0,0,0.0,2,252,0.124,0.124,0.0,61500000.0,0,0,0,0,0,0.0,0,0,0,0,0,0.0,0,0,0.0,0.0,0.0,0.0,2,40,0.2,0.2,0,500000.0,1,20,0.0,0.0,0,0.0,12,2892,0.022,0.0199090909091,1.29090909091e-06,583333.333333,1,20,0.0,0.0,0,0.0,1,20,0.0,0.0,0,1000000.0,0,0,0,0,0,0.0,2,726,0.094,0.094,0.0,13000000.0,2,10796,0.094,0.094,0.0,13000000.0,2,26812,0.094,0.094,0.0,13000000.0,0,0,0,0,0,0.0,2,150,0.094,0.094,0.0,13000000.0,16,2226,0.073,0.0159333333333,0.000495495238095,0.0,46,42916,0.02,0.0052,3.14363636364e-05,0.0,0,0,-4.26484972227e-06,-2.24806048692e-05,-3.8745945953e-05,-0.866944110369,-3.27404789724e-05,0.983499941805,-0.000372045393367,-0.000893857654002,4.15134175702e-05,4.72315045377e-05,5.9955714093e-05,-4.18269496172e-05,4.86680830303e-06,0.0,0.0,0.0,0.0,0.0,0.0,0.0,0.0,0.0,0.0,0.0,0.0,0.0,-0.00194406314051,0.00437085945994,-1.78795680134e-05,-0.0851837707363,0.000105469183039,0.107594672029,-0.00172681361164,-0.00571331463244,0.00947721262621,0.0182580353985,0.0433685122986,-0.0421049699278,2.81165052078e-05,0,0,0,0,9223372036854775807,0,9223372036854775807,0,9223372036854775807,0,9223372036854775807,0,9223372036854775807,0,9223372036854775807,0.0,0.0,9.22337203685e+18,0.0,9.22337203685e+18,0.0,9.22337203685e+18,0.0,9.22337203685e+18,0.0,9.22337203685e+18,0.0,9.22337203685e+18,0.0,0.0,9.22337203685e+18,0.0,9.22337203685e+18,0.0,9.22337203685e+18,0.0,9.22337203685e+18,0.0,9.22337203685e+18,0.0,9.22337203685e+18,0.0,0.0,9.22337203685e+18,0.0,9.22337203685e+18,0.0,9.22337203685e+18,0.0,9.22337203685e+18,0.0,9.22337203685e+18,0.0,9.22337203685e+18,0,0,9223372036854775807,0,9223372036854775807,0,9223372036854775807,0,9223372036854775807,0,9223372036854775807,0,9223372036854775807,0,9223372036854775807,0,9223372036854775807,0,9223372036854775807,0,9223372036854775807,0,9223372036854775807,0,9223372036854775807,0,9223372036854775807,0,9223372036854775807,0,9223372036854775807,0,9223372036854775807,0,9223372036854775807,0,9223372036854775807,0,9223372036854775807,0,9223372036854775807,0,9223372036854775807,0,9223372036854775807,0,0,0,0,9223372036854775807,9223372036854775807,9223372036854775807,0,0,0,0,1,0,51,0,0,0,2,0,22,0,0,0,0,0,0,0,0,0,0,0,0,0,0,0,0,0,0,0,0,0,2,1,100,0,0,0,0,0,0,1,0,14,0,0,0,0,0,0,0,0,0,0,0,0,0,0,0,0,0,0,0,0,0,0,0,0,0,0,0,2,0,22,0,0,0,0,0,0,0,0,0,0,0,0,0,0,0,0,0,0,0,0,0,0,0,0,0,0,0,0,0,0,0,0,0,0,0,0,1,0,3,0,0,0,0,0,0,0,0,0,0,0,0,0,0,0,0,0,0,0,0,0,0,0,0,0,0,0,0,0,0,0,0,0,0,0,0,0,0,0,0,0,0,0,0,0,0,0,0,0,0,0,0,0,0,0,0,0,1,0,6,0,0,0,0,0,0,0,0,0,0,0,0,0,0,0,0,0,0,0,0,0,0,0,0,0,0,0,0,0,0,0,0,0,0,0,0,0,0,0,0,0,0,0,0,0,0,0,0,0,0,0,0,0,0,0,0,0,0,0,0,0,0,0,0,0,0,0,0,0,0,0,0,0,0,0,1,0,5,0,0,0,1,0,51,0,0,0,1,0,6,0,0,0,0,0,0,3,0,30,0,0,0,0,0,0,0,0,0,0,0,0,0,0,0
1,20,0.0,0.0,0.0,3000000.0,11,5918,0.036,0.0202,0.000234622222222,10090909.0909,257,2056,0.011,0.00096484375,1.17915134804e-06,0.0,2,96,0.103,0.103,0.0,0.0,0,0,0,0,0,0.0,2,40,0.2,0.2,0.0,500000.0,285,172425,0.037,0.000855633802817,2.43289080774e-05,0.0,0,0,0,0,0,0.0,0,0,0,0,0,0.0,1,20,0.0,0.0,0.0,0.0,1,278,0.0,0.0,0,0.0,13,7670,0.038,0.0195833333333,0.000272992424242,15307692.3077,0,0,0,0,0,0.0,0,0,0,0,0,0.0,4,1492,0.111,0.037,0.004107,199500000.0,3,27922,0.13,0.121,0.000162,211000000.0,0,0,0,0,0,0.0,0,0,0,0,0,0.0,0,0,0,0,0,0.0,0,0,0,0,0,0.0,2,329,0.115,0.115,0.0,249000000.0,0,0,0,0,0,0.0,0,0,0,0,0,0.0,0,0,0.0,0.0,0,0.0,2,96,0.093,0.093,0.0,0.0,12,8616,0.038,0.021,0.0002284,10416666.6667,0,0,0,0,0,0.0,0,0,0,0,0,0.0,0,0,0,0,0,0.0,1,71,0.0,0.0,0.0,0.0,0,0,0,0,0,0.0,0,0,0,0,0,0.0,0,0,0,0,0,0.0,0,0,0,0,0,0.0,0,0,0,0,0,0.0,0,0,0,0,0,0.0,0,0,0,0,0,0.0,0,0,0.0,0.0,0,0.0,1,72,0.0,0.0,0.0,0.0,0,0,0,0,0,0.0,0,0,0,0,0,0.0,0,0,0,0,0,0.0,0,0,0,0,0,0.0,0,0,0,0,0,0.0,0,0,0,0,0,0.0,0,0,0,0,0,0.0,0,0,0,0,0,0.0,1,20,0.0,0.0,0.0,3000000.0,1,668,0.0,0.0,0,0.0,0,0,0,0,0,0.0,0,0,0,0,0,0.0,0,0,0,0,0,0.0,0,0,0,0,0,0.0,0,0,0,0,0,0.0,0,0,0,0,0,0.0,0,0,0,0,0,0.0,0,0,0,0,0,0.0,1,20,0.0,0.0,0.0,0.0,0,0,0,0,0,0.0,0,0,0,0,0,0.0,1,6525,0.0,0.0,0.0,35000000.0,0,0,0,0,0,0.0,0,0,0,0,0,0.0,0,0,0,0,0,0.0,0,0,0,0,0,0.0,0,0,0,0,0,0.0,0,0,0,0,0,0.0,2,17728,0.163,0.163,0.0,10500000.0,0,0,0,0,0,0.0,0,0,0,0,0,0.0,0,0,0,0,0,0.0,0,0,0,0,0,0.0,1,71,0.0,0.0,0.0,35000000.0,0,0,0,0,0,0.0,0,0,0,0,0,0.0,0,0,0,0,0,0.0,0,0,0,0,0,0.0,0,0,0,0,0,0.0,0,0,0,0,0,0.0,2,255,0.113,0.113,0.0,58500000.0,0,0,0,0,0,0.0,0,0,0,0,0,0.0,10,1713,0.0,0.0,0.0,0.0,1,20,0.0,0.0,0,0.0,1,20,0.0,0.0,0,0.0,12,2892,0.03,0.0200909090909,2.10909090909e-05,1166666.66667,1,20,0.0,0.0,0,0.0,1,20,0.0,0.0,0,0.0,0,0,0,0,0,0.0,3,1089,0.102,0.095,9.8e-05,8666666.66667,3,16194,0.107,0.0955,0.0002645,6666666.66667,3,40218,0.105,0.0945,0.0002205,6000000.0,0,0,0,0,0,0.0,3,225,0.105,0.094,0.000242,6333333.33333,6,898,0.087,0.0472,0.0008982,0.0,49,47849,0.026,0.00504166666667,3.71897163121e-05,0.0,0,0,-4.27272361581e-06,-2.1815939764e-05,3.25516572213e-05,-0.891389614768,-1.50637789282e-05,1.01396226422,-0.000372052575078,-0.000893847000095,4.15342829641e-05,4.7244476427e-05,5.99447873455e-05,-4.18371261985e-05,4.86745661199e-06,0.0,0.0,0.0,0.0,0.0,0.0,0.0,0.0,0.0,0.0,0.0,0.0,0.0,-0.00197774342679,0.00452130328356,-1.78768417593e-05,-0.0851031972207,0.000104889545296,0.108599079244,-0.00171974365837,-0.00570088437713,0.00949656649743,0.0182704520615,0.043354129253,-0.0421032687365,2.86911121502e-05,0,0,0,0,9223372036854775807,0,9223372036854775807,0,9223372036854775807,0,9223372036854775807,0,9223372036854775807,0,9223372036854775807,6.0,10.0,0.0,4.95000004768,5.71635087126,10469376.0,10469376.0,10469376.0,0.0,486219776.0,486219776.0,486219776.0,0.0,0.0,0.0,9.22337203685e+18,0.0,9.22337203685e+18,0.0,9.22337203685e+18,0.0,9.22337203685e+18,0.0,9.22337203685e+18,0.0,9.22337203685e+18,0.0,0.0,9.22337203685e+18,0.0,9.22337203685e+18,0.0,9.22337203685e+18,0.0,9.22337203685e+18,0.0,9.22337203685e+18,0.0,9.22337203685e+18,0,0,9223372036854775807,0,9223372036854775807,0,9223372036854775807,0,9223372036854775807,0,9223372036854775807,0,9223372036854775807,0,9223372036854775807,0,9223372036854775807,0,9223372036854775807,0,9223372036854775807,0,9223372036854775807,0,9223372036854775807,0,9223372036854775807,0,9223372036854775807,0,9223372036854775807,0,9223372036854775807,0,9223372036854775807,0,9223372036854775807,0,9223372036854775807,0,9223372036854775807,0,9223372036854775807,0,9223372036854775807,0,0,0,0,9223372036854775807,9223372036854775807,9223372036854775807,0,0,0,0,0,0,0,0,0,0,0,0,0,0,0,0,1,0,5,0,0,0,0,0,0,0,0,0,0,0,0,1,0,3,1,0,51,0,0,0,0,0,0,0,0,0,0,0,0,0,0,0,0,0,0,0,0,0,0,0,0,0,0,0,0,0,0,0,0,0,0,0,0,0,0,0,0,0,0,0,0,0,0,0,0,0,0,0,0,0,0,0,0,0,0,0,0,0,0,0,0,0,0,0,0,0,0,0,0,0,0,0,0,0,0,0,0,0,0,0,0,0,0,0,0,0,0,0,0,0,0,0,0,0,0,0,0,0,0,0,0,0,0,0,0,0,0,0,0,0,0,0,0,0,0,0,0,0,0,0,0,0,0,0,0,0,0,0,0,0,0,0,0,0,0,0,0,0,0,0,0,0,0,0,0,0,0,0,0,0,0,0,0,0,0,0,0,0,0,0,0,0,0,0,0,0,0,0,0,0,0,0,0,0,0,0,0,0,0,0,0,0,0,0,0,0,0,0,0,0,0,0,0,0,0,0,0,0,0,0,0,0,0,0,0,0,0,0,0,0,0,0,0,0,0,0,1,0,51,1,0,6,0,0,0,0,0,0,1,0,10,0,0,0,0,0,0,0,0,0,0,0,0,0,0,0,0,0,0
1,20,0.0,0.0,0.0,1000000.0,13,6994,0.038,0.0188333333333,0.000282333333333,13461538.4615,244,1952,0.013,0.001,2.27272727273e-06,0.0,3,144,0.112,0.106,7.2e-05,0.0,0,0,0,0,0,0.0,1,20,0.0,0.0,0.0,0.0,227,137335,0.042,0.000867256637168,2.71645231072e-05,0.0,0,0,0,0,0,0.0,0,0,0,0,0,0.0,2,40,0.19,0.19,0.0,0.0,1,374,0.0,0.0,0,0.0,12,7080,0.037,0.0181818181818,0.000243563636364,14000000.0,0,0,0,0,0,0.0,0,0,0,0,0,0.0,4,1492,0.138,0.046,0.006348,190500000.0,2,18624,0.127,0.127,0.0,196000000.0,0,0,0,0,0,0.0,0,0,0,0,0,0.0,0,0,0,0,0,0.0,0,0,0,0,0,0.0,3,462,0.107,0.105,8.00000000001e-06,221666666.667,0,0,0,0,0,0.0,0,0,0,0,0,0.0,1,76,0.0,0.0,0,0.0,3,144,0.099,0.0935,6.05e-05,0.0,13,9334,0.037,0.0166666666667,0.000232606060606,13692307.6923,0,0,0,0,0,0.0,0,0,0,0,0,0.0,1,147555,0,0,0,0.0,2,142,0.201,0.201,0.0,-500000.0,0,0,0,0,0,0.0,0,0,0,0,0,0.0,0,0,0,0,0,0.0,0,0,0,0,0,0.0,0,0,0,0,0,0.0,0,0,0,0,0,0.0,0,0,0,0,0,0.0,1,940,0.0,0.0,0,0.0,2,144,0.219,0.219,0.0,9500000.0,0,0,0,0,0,0.0,0,0,0,0,0,0.0,0,0,0,0,0,0.0,0,0,0,0,0,0.0,0,0,0,0,0,0.0,0,0,0,0,0,0.0,0,0,0,0,0,0.0,0,0,0,0,0,0.0,1,20,0.0,0.0,0.0,0.0,1,668,0.0,0.0,0,0.0,0,0,0,0,0,0.0,0,0,0,0,0,0.0,0,0,0,0,0,0.0,0,0,0,0,0,0.0,0,0,0,0,0,0.0,0,0,0,0,0,0.0,0,0,0,0,0,0.0,0,0,0,0,0,0.0,2,40,0.222,0.222,0.0,11000000.0,0,0,0,0,0,0.0,0,0,0,0,0,0.0,3,19575,0.112,0.1095,1.25e-05,33666666.6667,0,0,0,0,0,0.0,0,0,0,0,0,0.0,0,0,0,0,0,0.0,0,0,0,0,0,0.0,0,0,0,0,0,0.0,0,0,0,0,0,0.0,2,17728,0.127,0.127,0.0,18500000.0,0,0,0,0,0,0.0,0,0,0,0,0,0.0,0,0,0,0,0,0.0,0,0,0,0,0,0.0,3,213,0.112,0.11,8e-06,32000000.0,0,0,0,0,0,0.0,0,0,0,0,0,0.0,0,0,0,0,0,0.0,0,0,0,0,0,0.0,0,0,0,0,0,0.0,0,0,0,0,0,0.0,2,271,0.112,0.112,0.0,66500000.0,0,0,0,0,0,0.0,0,0,0,0,0,0.0,22,4630,0.01,0.000571428571429,4.75714285714e-06,0.0,1,20,0.0,0.0,0,1000000.0,2,40,0.193,0.193,0,4500000.0,13,3133,0.036,0.0190833333333,0.000106628787879,4230769.23077,1,20,0.0,0.0,0,5000000.0,1,20,0.0,0.0,0,3000000.0,0,0,0,0,0,0.0,2,726,0.108,0.108,0.0,8000000.0,2,10796,0.108,0.108,0.0,8000000.0,2,26812,0.108,0.108,0.0,8000000.0,1,8,0,0,0,0.0,2,150,0.108,0.108,0.0,8000000.0,18,2769,0.046,0.0134705882353,0.000224514705882,0.0,47,48889,0.027,0.00508695652174,4.78144927536e-05,0.0,0,0,-4.27542599368e-06,-2.11019598302e-05,-3.63584781278e-05,-0.913962039692,-3.08381284819e-05,1.04225486101,-0.000372037775489,-0.000893837905909,4.15540828751e-05,4.72567404826e-05,5.99321864154e-05,-4.18468373137e-05,4.86809250955e-06,0.0,0.0,0.0,0.0,0.0,0.0,0.0,0.0,0.0,0.0,0.0,0.0,0.0,-0.0020047851626,0.00467655130681,-1.78770454253e-05,-0.0849719875832,0.000104299976764,0.109490983908,-0.00167401341765,-0.00569632585947,0.00951617244954,0.0182821271019,0.0433389498041,-0.0421020080122,2.89480380185e-05,0,0,0,0,9223372036854775807,0,9223372036854775807,0,9223372036854775807,0,9223372036854775807,0,9223372036854775807,0,9223372036854775807,6.0,12.6999998093,0.0,5.48333326976,6.0973490899,10469376.0,10469376.0,10469376.0,0.0,486219776.0,486219776.0,486219776.0,0.0,6.0,19.2999992371,0.0,8.21666653951,7.31338931788,15544320.0,15544320.0,15544320.0,0.0,472285184.0,472285184.0,472285184.0,0.0,11.0,20.7999992371,0.0,13.4833331108,8.36861172627,69324800.0,56844288.0,64544085.3333,4105420.13933,962248704.0,953700352.0,960823978.667,3489850.09028,0,0,9223372036854775807,0,9223372036854775807,0,9223372036854775807,0,9223372036854775807,0,9223372036854775807,0,9223372036854775807,0,9223372036854775807,0,9223372036854775807,0,9223372036854775807,0,9223372036854775807,0,9223372036854775807,0,9223372036854775807,0,9223372036854775807,0,9223372036854775807,0,9223372036854775807,0,9223372036854775807,0,9223372036854775807,0,9223372036854775807,0,9223372036854775807,0,9223372036854775807,0,9223372036854775807,0,9223372036854775807,0,0,0,0,9223372036854775807,9223372036854775807,9223372036854775807,0,0,0,0,0,0,0,0,0,0,0,0,0,0,0,0,0,0,0,0,0,0,0,0,0,0,0,0,1,0,6,0,0,0,0,0,0,0,0,0,0,0,0,0,0,0,1,0,9,0,0,0,0,0,0,0,0,0,0,0,0,0,0,0,0,0,0,0,0,0,1,0,2,0,0,0,2,0,91,0,0,0,0,0,0,1,0,2,1,0,6,0,0,0,0,0,0,0,0,0,0,0,0,0,0,0,0,0,0,0,0,0,0,0,0,0,0,0,0,0,0,0,0,0,0,0,0,0,0,0,0,0,0,0,0,0,0,0,0,0,0,0,0,0,0,1,0,5,0,0,0,0,0,0,0,0,0,0,0,0,0,0,0,0,0,0,0,0,0,0,0,0,0,0,0,0,0,0,0,0,0,1,0,9,0,0,0,0,0,0,0,0,0,0,0,0,0,0,0,0,0,0,1,0,9,0,0,0,0,0,0,0,0,0,0,0,0,1,0,9,0,0,0,0,0,0,0,0,0,0,0,0,0,0,0,0,0,0,1,0,9,0,0,0,0,0,0,0,0,0,0,0,0,1,0,6,0,0,0,0,0,0,0,0,0,0,0,0,0,0,0,1,0,10,1,0,11,0,0,0,1,0,11,0,0,0,0,0,0
1,20,0.0,0.0,0.0,6000000.0,12,6456,0.068,0.0184545454545,0.000458872727273,5333333.33333,250,2000,0.013,0.001,1.51612903226e-06,0.0,2,96,0.091,0.091,0.0,0.0,1,574,0,0,0,0.0,1,20,0.0,0.0,0.0,-12000000.0,265,160325,0.068,0.000867424242424,3.69747522756e-05,0.0,0,0,0,0,0,0.0,0,0,0,0,0,0.0,1,20,0.0,0.0,0.0,13000000.0,0,0,0.0,0.0,0,0.0,12,7080,0.05,0.0183636363636,0.000316854545455,17583333.3333,0,0,0,0,0,0.0,0,0,0,0,0,0.0,4,1492,0.082,0.0273333333333,0.00224133333333,183500000.0,3,27938,0.082,0.0705,0.0002645,168000000.0,0,0,0,0,0,0.0,0,0,0,0,0,0.0,0,0,0,0,0,0.0,0,0,0,0,0,0.0,2,301,0.095,0.095,0.0,194000000.0,0,0,0,0,0,0.0,0,0,0,0,0,0.0,0,0,0.0,0.0,0,0.0,2,96,0.123,0.123,0.0,0.0,12,8616,0.036,0.0194545454545,0.000205672727273,8583333.33333,0,0,0,0,0,0.0,0,0,0,0,0,0.0,0,0,0,0,0,0.0,1,71,0.0,0.0,0.0,0.0,0,0,0,0,0,0.0,0,0,0,0,0,0.0,0,0,0,0,0,0.0,0,0,0,0,0,0.0,0,0,0,0,0,0.0,0,0,0,0,0,0.0,0,0,0,0,0,0.0,1,940,0.0,0.0,0,0.0,1,72,0.0,0.0,0.0,0.0,0,0,0,0,0,0.0,0,0,0,0,0,0.0,0,0,0,0,0,0.0,0,0,0,0,0,0.0,0,0,0,0,0,0.0,0,0,0,0,0,0.0,0,0,0,0,0,0.0,0,0,0,0,0,0.0,1,20,0.0,0.0,0.0,5000000.0,1,668,0.0,0.0,0,0.0,0,0,0,0,0,0.0,0,0,0,0,0,0.0,0,0,0,0,0,0.0,0,0,0,0,0,0.0,0,0,0,0,0,0.0,0,0,0,0,0,0.0,0,0,0,0,0,0.0,0,0,0,0,0,0.0,1,20,0.0,0.0,0.0,2000000.0,0,0,0,0,0,0.0,0,0,0,0,0,0.0,2,13050,0.103,0.103,0.0,38000000.0,0,0,0,0,0,0.0,0,0,0,0,0,0.0,0,0,0,0,0,0.0,0,0,0,0,0,0.0,0,0,0,0,0,0.0,0,0,0,0,0,0.0,2,17728,0.11,0.11,0.0,9500000.0,0,0,0,0,0,0.0,0,0,0,0,0,0.0,0,0,0,0,0,0.0,0,0,0,0,0,0.0,2,142,0.102,0.102,0.0,35500000.0,0,0,0,0,0,0.0,0,0,0,0,0,0.0,0,0,0,0,0,0.0,0,0,0,0,0,0.0,0,0,0,0,0,0.0,0,0,0,0,0,0.0,3,399,0.11,0.1035,8.45e-05,64000000.0,0,0,0,0,0,0.0,0,0,0,0,0,0.0,0,0,0.0,0.0,0.0,0.0,1,20,0.0,0.0,0,27000000.0,1,20,0.0,0.0,0,-3000000.0,13,3133,0.034,0.02,4.36363636364e-05,1692307.69231,2,40,0.2,0.2,0,-1000000.0,1,20,0.0,0.0,0,27000000.0,0,0,0,0,0,0.0,2,726,0.082,0.082,0.0,28000000.0,2,10796,0.099,0.099,0.0,4500000.0,2,26812,0.099,0.099,0.0,4500000.0,0,0,0,0,0,0.0,2,150,0.099,0.099,0.0,4500000.0,7,1035,0.063,0.0241666666667,0.000656966666667,0.0,45,44054,0.034,0.00545454545455,7.43932346723e-05,0.0,0,0,-4.27274568082e-06,-2.03950001829e-05,-3.50796180193e-05,-0.936533082223,1.3885630759e-05,1.07070474035,-0.000372009642829,-0.000893829435316,4.15732841921e-05,4.72690127262e-05,5.99177001126e-05,-4.18572058976e-05,4.8687743659e-06,0.0,0.0,0.0,0.0,0.0,0.0,0.0,0.0,0.0,0.0,0.0,0.0,0.0,-0.00203037194583,0.00483130299932,-1.78765433353e-05,-0.0848193863957,0.000103728068891,0.110349031517,-0.00161889530976,-0.00569248695262,0.00953611031584,0.0182940054209,0.0433233011128,-0.0421008106285,2.92126938205e-05,0,0,0,0,9223372036854775807,0,9223372036854775807,0,9223372036854775807,0,9223372036854775807,0,9223372036854775807,0,9223372036854775807,0.0,0.0,9.22337203685e+18,0.0,9.22337203685e+18,0.0,9.22337203685e+18,0.0,9.22337203685e+18,0.0,9.22337203685e+18,0.0,9.22337203685e+18,0.0,0.0,9.22337203685e+18,0.0,9.22337203685e+18,0.0,9.22337203685e+18,0.0,9.22337203685e+18,0.0,9.22337203685e+18,0.0,9.22337203685e+18,0.0,0.0,9.22337203685e+18,0.0,9.22337203685e+18,0.0,9.22337203685e+18,0.0,9.22337203685e+18,0.0,9.22337203685e+18,0.0,9.22337203685e+18,0,0,9223372036854775807,0,9223372036854775807,0,9223372036854775807,0,9223372036854775807,0,9223372036854775807,0,9223372036854775807,0,9223372036854775807,0,9223372036854775807,0,9223372036854775807,0,9223372036854775807,0,9223372036854775807,0,9223372036854775807,0,9223372036854775807,0,9223372036854775807,0,9223372036854775807,0,9223372036854775807,0,9223372036854775807,0,9223372036854775807,0,9223372036854775807,0,9223372036854775807,0,9223372036854775807,0,9223372036854775807,0,0,0,0,9223372036854775807,9223372036854775807,9223372036854775807,0,2,0,11,0,0,0,0,0,0,0,0,0,1,0,2,0,0,0,0,0,0,0,0,0,0,0,0,1,0,6,0,0,0,0,0,0,0,0,0,0,0,0,0,0,0,0,0,0,0,0,0,0,0,0,0,0,0,0,0,0,1,0,9,0,0,0,0,0,0,0,0,0,0,0,0,0,0,0,0,0,0,0,0,0,0,0,0,0,0,0,0,0,0,0,0,0,0,0,0,0,0,0,0,0,0,0,0,0,0,0,0,0,0,0,0,0,0,0,0,0,0,0,0,0,0,0,0,0,0,0,0,0,0,0,0,0,0,0,0,0,0,1,0,5,0,0,0,0,0,0,0,0,0,0,0,0,0,0,0,0,0,0,0,0,0,0,0,0,0,0,0,0,0,0,0,0,0,0,0,0,0,0,0,0,0,0,0,0,0,0,0,0,0,0,0,0,0,0,0,0,0,0,0,0,0,0,0,0,0,0,0,0,0,0,0,0,0,0,0,0,0,0,0,0,0,0,0,0,0,0,0,0,0,0,0,0,0,0,0,0,0,0,0,0,0,0,0,0,0,0,0,0,0,0,0,0,0,0,0,0,0,0,0,0,0,0,0,0,0,0,0,0,0,0,0,0,0,0,0,0,0,0,0,0,0,0,0,0
2,40,0.205,0.205,0.0,2500000.0,14,7532,0.036,0.0186153846154,0.00023608974359,9071428.57143,263,2104,0.01,0.000946564885496,1.146559036e-06,0.0,3,144,0.101,0.0985,1.25e-05,0.0,0,0,0,0,0,0.0,1,20,0.0,0.0,0.0,0.0,271,163955,0.063,0.0008,2.99747211896e-05,0.0,0,0,0,0,0,0.0,0,0,0,0,0,0.0,1,20,0.0,0.0,0.0,999999.999996,1,326,0.0,0.0,0,0.0,14,8260,0.045,0.0177692307692,0.000300525641026,13714285.7143,0,0,0,0,0,0.0,0,0,0,0,0,0.0,4,1492,0.172,0.0573333333333,0.00986133333333,142500000.0,2,18677,0.105,0.105,0.0,165500000.0,0,0,0,0,0,0.0,0,0,0,0,0,0.0,0,0,0,0,0,0.0,0,0,0,0,0,0.0,3,449,0.096,0.087,0.000162,181666666.667,0,0,0,0,0,0.0,0,0,0,0,0,0.0,0,0,0.0,0.0,0,0.0,3,144,0.101,0.101,0.0,0.0,14,10052,0.063,0.0177692307692,0.000386192307692,9142857.14286,0,0,0,0,0,0.0,0,0,0,0,0,0.0,1,4194403,0,0,0,13000000.0,1,71,0.0,0.0,0.0,0.0,0,0,0,0,0,0.0,0,0,0,0,0,0.0,0,0,0,0,0,0.0,0,0,0,0,0,0.0,0,0,0,0,0,0.0,0,0,0,0,0,0.0,0,0,0,0,0,0.0,0,0,0.0,0.0,0,0.0,1,72,0.0,0.0,0.0,0.0,0,0,0,0,0,0.0,0,0,0,0,0,0.0,0,0,0,0,0,0.0,0,0,0,0,0,0.0,0,0,0,0,0,0.0,0,0,0,0,0,0.0,0,0,0,0,0,0.0,0,0,0,0,0,0.0,2,40,0.204,0.204,0.0,2500000.0,1,668,0.0,0.0,0,0.0,0,0,0,0,0,0.0,0,0,0,0,0,0.0,0,0,0,0,0,0.0,0,0,0,0,0,0.0,0,0,0,0,0,0.0,0,0,0,0,0,0.0,0,0,0,0,0,0.0,0,0,0,0,0,0.0,1,20,0.0,0.0,0.0,2000000.0,0,0,0,0,0,0.0,0,0,0,0,0,0.0,2,13050,0.106,0.106,0.0,38500000.0,0,0,0,0,0,0.0,0,0,0,0,0,0.0,0,0,0,0,0,0.0,0,0,0,0,0,0.0,0,0,0,0,0,0.0,0,0,0,0,0,0.0,2,17728,0.106,0.106,0.0,8500000.0,0,0,0,0,0,0.0,0,0,0,0,0,0.0,0,0,0,0,0,0.0,0,0,0,0,0,0.0,2,142,0.114,0.114,0.0,33500000.0,0,0,0,0,0,0.0,0,0,0,0,0,0.0,0,0,0,0,0,0.0,0,0,0,0,0,0.0,0,0,0,0,0,0.0,0,0,0,0,0,0.0,2,275,0.113,0.113,0.0,63000000.0,0,0,0,0,0,0.0,0,0,0,0,0,0.0,10,1913,0.0,0.0,0.0,0.0,2,40,0.2,0.2,0,2000000.0,1,20,0.0,0.0,0,0.0,12,2892,0.033,0.0199090909091,5.58909090909e-05,2833333.33333,1,20,0.0,0.0,0,8000000.0,2,40,0.198,0.198,0,3000000.0,0,0,0,0,0,0.0,3,1089,0.104,0.0985,6.05e-05,12000000.0,3,16194,0.103,0.098,5e-05,11666666.6667,3,40218,0.103,0.098,5e-05,11666666.6667,0,0,0,0,0,0.0,3,225,0.103,0.098,5e-05,11666666.6667,16,2195,0.075,0.0160666666667,0.000508352380952,0.0,51,52684,0.033,0.00484,5.78106122449e-05,0.0,0,0,-4.26011294863e-06,2.23718372458e-05,4.41992376849e-05,-0.962851442797,-1.35469610187e-05,1.10408309154,-0.000371945690656,-0.000893820540842,4.1595496036e-05,4.72829382492e-05,5.98988551364e-05,-4.1869676828e-05,4.86969154778e-06,0.0,0.0,0.0,0.0,0.0,0.0,0.0,0.0,0.0,0.0,0.0,0.0,0.0,-0.00204821478243,0.00503621989495,-1.78747152172e-05,-0.0845737015577,0.000103014848818,0.11131500962,-0.00149336137047,-0.00569924526024,0.00956022108353,0.0183068911349,0.0433037561804,-0.0421001330179,2.9144028677e-05,0,0,0,0,9223372036854775807,0,9223372036854775807,0,9223372036854775807,0,9223372036854775807,0,9223372036854775807,0,9223372036854775807,6.0,11.3000001907,0.0,5.78000011444,5.38581480395,10469376.0,10469376.0,10469376.0,0.0,486219776.0,486219776.0,486219776.0,0.0,0.0,0.0,9.22337203685e+18,0.0,9.22337203685e+18,0.0,9.22337203685e+18,0.0,9.22337203685e+18,0.0,9.22337203685e+18,0.0,9.22337203685e+18,0.0,0.0,9.22337203685e+18,0.0,9.22337203685e+18,0.0,9.22337203685e+18,0.0,9.22337203685e+18,0.0,9.22337203685e+18,0.0,9.22337203685e+18,0,0,9223372036854775807,0,9223372036854775807,0,9223372036854775807,0,9223372036854775807,0,9223372036854775807,0,9223372036854775807,0,9223372036854775807,0,9223372036854775807,0,9223372036854775807,0,9223372036854775807,0,9223372036854775807,0,9223372036854775807,0,9223372036854775807,0,9223372036854775807,0,9223372036854775807,0,9223372036854775807,0,9223372036854775807,0,9223372036854775807,0,9223372036854775807,0,9223372036854775807,0,9223372036854775807,0,9223372036854775807,0,0,0,0,9223372036854775807,9223372036854775807,9223372036854775807,0,0,0,0,0,0,0,0,0,0,2,0,20,0,0,0,0,0,0,0,0,0,0,0,0,0,0,0,0,0,0,0,0,0,2,4,102,0,0,0,0,0,0,1,0,18,0,0,0,0,0,0,0,0,0,0,0,0,0,0,0,0,0,0,0,0,0,0,0,0,0,0,0,2,0,22,0,0,0,0,0,0,0,0,0,0,0,0,0,0,0,0,0,0,0,0,0,0,0,0,0,0,0,0,0,0,0,0,0,0,0,0,0,0,0,1,0,6,0,0,0,0,0,0,0,0,0,0,0,0,0,0,0,0,0,0,0,0,0,0,0,0,1,0,6,0,0,0,0,0,0,0,0,0,0,0,0,0,0,0,0,0,0,0,0,0,0,0,0,0,0,0,0,0,0,0,0,0,0,0,0,0,0,0,0,0,0,0,0,0,0,0,0,0,0,0,0,0,0,0,0,0,0,0,0,0,0,0,0,0,0,0,0,0,0,0,0,0,0,0,0,0,0,0,0,0,0,0,0,0,0,0,0,0,0,0,0,0,0,0,0,0,0,0,0,0,0,1,0,42,1,0,5,0,0,0,1,0,50,0,0,0,1,0,5,0,0,0,0,0,0,3,3,32,0,0,0,0,0,0,0,0,0,0,0,0,0,0,0
1,20,0.0,0.0,0.0,0.0,11,5918,0.046,0.0208,0.000344844444444,12636363.6364,238,1904,0.005,0.001,8.05084745763e-07,0.0,2,96,0.1,0.1,0.0,0.0,0,0,0,0,0,0.0,2,40,0.2,0.2,0.0,0.0,217,131285,0.039,0.001,3.11906976744e-05,0.0,0,0,0,0,0,0.0,0,0,0,0,0,0.0,2,40,0.191,0.191,0.0,3500000.0,1,326,0.0,0.0,0,0.0,11,6490,0.052,0.0187,0.000425122222222,17272727.2727,0,0,0,0,0,0.0,0,0,0,0,0,0.0,2,746,0.0,0.0,0.0,170000000.0,3,27931,0.104,0.096,0.000128,165000000.0,0,0,0,0,0,0.0,0,0,0,0,0,0.0,0,0,0,0,0,0.0,0,0,0,0,0,0.0,3,464,0.105,0.1015,2.45e-05,193000000.0,0,0,0,0,0,0.0,0,0,0,0,0,0.0,0,0,0.0,0.0,0,0.0,2,96,0.09,0.09,0.0,0.0,12,8616,0.037,0.0185454545455,0.000300872727273,13500000.0,0,0,0,0,0,0.0,0,0,0,0,0,0.0,0,0,0,0,0,0.0,1,71,0.0,0.0,0.0,-11000000.0,0,0,0,0,0,0.0,0,0,0,0,0,0.0,0,0,0,0,0,0.0,0,0,0,0,0,0.0,0,0,0,0,0,0.0,0,0,0,0,0,0.0,0,0,0,0,0,0.0,1,940,0.0,0.0,0,0.0,1,72,0.0,0.0,0.0,0.0,0,0,0,0,0,0.0,0,0,0,0,0,0.0,0,0,0,0,0,0.0,0,0,0,0,0,0.0,0,0,0,0,0,0.0,0,0,0,0,0,0.0,0,0,0,0,0,0.0,0,0,0,0,0,0.0,1,20,0.0,0.0,0.0,-1000000.0,1,668,0.0,0.0,0,0.0,0,0,0,0,0,0.0,0,0,0,0,0,0.0,0,0,0,0,0,0.0,0,0,0,0,0,0.0,0,0,0,0,0,0.0,0,0,0,0,0,0.0,0,0,0,0,0,0.0,0,0,0,0,0,0.0,1,20,0.0,0.0,0.0,999999.999996,0,0,0,0,0,0.0,0,0,0,0,0,0.0,2,13050,0.133,0.133,0.0,39500000.0,0,0,0,0,0,0.0,0,0,0,0,0,0.0,0,0,0,0,0,0.0,0,0,0,0,0,0.0,0,0,0,0,0,0.0,0,0,0,0,0,0.0,2,17728,0.125,0.125,0.0,10500000.0,0,0,0,0,0,0.0,0,0,0,0,0,0.0,0,0,0,0,0,0.0,0,0,0,0,0,0.0,2,142,0.135,0.135,0.0,38500000.0,0,0,0,0,0,0.0,0,0,0,0,0,0.0,0,0,0,0,0,0.0,0,0,0,0,0,0.0,0,0,0,0,0,0.0,0,0,0,0,0,0.0,2,248,0.129,0.129,0.0,77500000.0,0,0,0,0,0,0.0,0,0,0,0,0,0.0,12,2290,0.0,0.0,0.0,0.0,1,20,0.0,0.0,0,0.0,1,20,0.0,0.0,0,9000000.0,13,3133,0.043,0.0186666666667,0.000103333333333,3230769.23077,1,20,0.0,0.0,0,1000000.0,1,20,0.0,0.0,0,0.0,0,0,0,0,0,0.0,3,1089,0.099,0.097,8.00000000001e-06,9333333.33333,3,16194,0.103,0.101,7.99999999999e-06,6666666.66666,3,40218,0.103,0.101,7.99999999999e-06,6666666.66666,0,0,0,0,0,0.0,3,225,0.103,0.101,7.99999999999e-06,6666666.66666,11,1641,0.066,0.0232,0.000688622222222,0.0,46,44141,0.021,0.00515555555556,5.15434343434e-05,0.0,0,0,-4.23900568691e-06,-1.86575875798e-05,2.93629462353e-05,-0.983513072812,-1.35480451657e-05,1.13044334581,-0.000371878941103,-0.000893815724602,4.16111607233e-05,4.7293296495e-05,5.98814868331e-05,-4.18804716243e-05,4.87044036124e-06,0.0,0.0,0.0,0.0,0.0,0.0,0.0,0.0,0.0,0.0,0.0,0.0,0.0,-0.00205669622593,0.00520146072294,-1.78766327242e-05,-0.0843656346086,0.000102465333105,0.11206011391,-0.00138152028729,-0.00570852843048,0.00957963028704,0.018317119989,0.0432876040008,-0.04209986537,2.90038043377e-05,0,0,0,0,9223372036854775807,0,9223372036854775807,0,9223372036854775807,0,9223372036854775807,0,9223372036854775807,0,9223372036854775807,6.0,11.8000001907,0.0,4.5,6.17413962467,10469376.0,10469376.0,10469376.0,0.0,486219776.0,486219776.0,486219776.0,0.0,0.0,0.0,9.22337203685e+18,0.0,9.22337203685e+18,0.0,9.22337203685e+18,0.0,9.22337203685e+18,0.0,9.22337203685e+18,0.0,9.22337203685e+18,0.0,0.0,9.22337203685e+18,0.0,9.22337203685e+18,0.0,9.22337203685e+18,0.0,9.22337203685e+18,0.0,9.22337203685e+18,0.0,9.22337203685e+18,0,0,9223372036854775807,0,9223372036854775807,0,9223372036854775807,0,9223372036854775807,0,9223372036854775807,0,9223372036854775807,0,9223372036854775807,0,9223372036854775807,0,9223372036854775807,0,9223372036854775807,0,9223372036854775807,0,9223372036854775807,0,9223372036854775807,0,9223372036854775807,0,9223372036854775807,0,9223372036854775807,0,9223372036854775807,0,9223372036854775807,0,9223372036854775807,0,9223372036854775807,0,9223372036854775807,0,9223372036854775807,0,0,0,0,9223372036854775807,9223372036854775807,9223372036854775807,0,0,0,0,1,0,51,0,0,0,0,0,0,0,0,0,1,0,6,0,0,0,0,0,0,0,0,0,0,0,0,1,0,3,1,0,51,0,0,0,0,0,0,0,0,0,0,0,0,0,0,0,0,0,0,0,0,0,0,0,0,0,0,0,0,0,0,0,0,0,0,0,0,0,0,0,1,0,39,0,0,0,0,0,0,0,0,0,0,0,0,0,0,0,0,0,0,0,0,0,0,0,0,0,0,0,0,0,0,0,0,0,1,0,3,0,0,0,0,0,0,0,0,0,0,0,0,0,0,0,0,0,0,0,0,0,0,0,0,0,0,0,0,0,0,0,0,0,0,0,0,0,0,0,0,0,0,0,0,0,0,0,0,0,0,0,0,0,0,0,0,0,1,0,6,0,0,0,0,0,0,0,0,0,0,0,0,0,0,0,0,0,0,0,0,0,0,0,0,0,0,0,0,0,0,0,0,0,0,0,0,0,0,0,0,0,0,0,0,0,0,0,0,0,0,0,0,0,0,0,0,0,0,0,0,0,0,0,0,0,0,0,0,0,0,0,0,0,0,0,0,0,0,0,0,0,1,0,50,1,0,5,0,0,0,0,0,0,1,0,10,1,0,10,0,0,0,0,0,0,0,0,0,0,0,0,0,0,0
1,20,0.0,0.0,0.0,15000000.0,13,6994,0.045,0.0191666666667,0.000257060606061,8538461.53846,251,2008,0.014,0.001,2.14457831325e-06,0.0,3,144,0.103,0.0995,2.45e-05,0.0,0,0,0,0,0,0.0,1,20,0.0,0.0,0.0,0.0,257,155485,0.037,0.00090625,2.60774509804e-05,0.0,0,0,0,0,0,0.0,0,0,0,0,0,0.0,1,20,0.0,0.0,0.0,0.0,0,0,0.0,0.0,0,0.0,13,7670,0.043,0.0190833333333,0.00031571969697,12846153.8462,0,0,0,0,0,0.0,0,0,0,0,0,0.0,2,746,0.0,0.0,0.0,168000000.0,3,28015,0.106,0.0945,0.0002645,164000000.0,0,0,0,0,0,0.0,0,0,0,0,0,0.0,0,0,0,0,0,0.0,0,0,0,0,0,0.0,2,294,0.117,0.117,0.0,202000000.0,0,0,0,0,0,0.0,0,0,0,0,0,0.0,0,0,0.0,0.0,0,0.0,3,144,0.111,0.1025,0.0001445,0.0,11,7898,0.041,0.0205,0.000259611111111,6727272.72727,0,0,0,0,0,0.0,0,0,0,0,0,0.0,0,0,0,0,0,0.0,2,142,0.203,0.203,0.0,499999.999998,0,0,0,0,0,0.0,0,0,0,0,0,0.0,0,0,0,0,0,0.0,0,0,0,0,0,0.0,0,0,0,0,0,0.0,0,0,0,0,0,0.0,0,0,0,0,0,0.0,1,940,0.0,0.0,0,-1000000.0,2,144,0.188,0.188,0.0,5000000.0,0,0,0,0,0,0.0,0,0,0,0,0,0.0,0,0,0,0,0,0.0,0,0,0,0,0,0.0,0,0,0,0,0,0.0,0,0,0,0,0,0.0,0,0,0,0,0,0.0,0,0,0,0,0,0.0,1,20,0.0,0.0,0.0,24000000.0,1,668,0.0,0.0,0,0.0,0,0,0,0,0,0.0,0,0,0,0,0,0.0,0,0,0,0,0,0.0,0,0,0,0,0,0.0,0,0,0,0,0,0.0,0,0,0,0,0,0.0,0,0,0,0,0,0.0,0,0,0,0,0,0.0,2,40,0.186,0.186,0.0,7000000.0,0,0,0,0,0,0.0,0,0,0,0,0,0.0,2,13050,0.128,0.128,0.0,40000000.0,0,0,0,0,0,0.0,0,0,0,0,0,0.0,0,0,0,0,0,0.0,0,0,0,0,0,0.0,0,0,0,0,0,0.0,0,0,0,0,0,0.0,2,17728,0.113,0.113,0.0,6500000.0,0,0,0,0,0,0.0,0,0,0,0,0,0.0,0,0,0,0,0,0.0,0,0,0,0,0,0.0,2,142,0.116,0.116,0.0,32000000.0,0,0,0,0,0,0.0,0,0,0,0,0,0.0,0,0,0,0,0,0.0,0,0,0,0,0,0.0,0,0,0,0,0,0.0,0,0,0,0,0,0.0,2,311,0.1,0.1,0.0,66000000.0,0,0,0,0,0,0.0,0,0,0,0,0,0.0,0,0,0.0,0.0,0.0,0.0,1,20,0.0,0.0,0,5000000.0,2,40,0.196,0.196,0,0.0,12,2892,0.036,0.0194545454545,9.74727272727e-05,4833333.33333,1,20,0.0,0.0,0,0.0,1,20,0.0,0.0,0,6000000.0,0,0,0,0,0,0.0,2,726,0.093,0.093,0.0,11500000.0,2,10796,0.11,0.11,0.0,3000000.0,2,26812,0.11,0.11,0.0,3000000.0,0,0,0,0,0,0.0,2,150,0.11,0.11,0.0,3000000.0,13,2073,0.085,0.0174166666667,0.000623356060606,0.0,47,46706,0.031,0.00523913043478,6.20971014493e-05,0.0,0,0,-4.19818262287e-06,2.17417637209e-05,4.3183680642e-05,-1.00790412464,-1.35439329361e-05,1.16174547328,-0.000371777552751,-0.000893813817862,4.16288320686e-05,4.73053668975e-05,5.98581803901e-05,-4.18938725147e-05,4.87140658567e-06,0.0,0.0,0.0,0.0,0.0,0.0,0.0,0.0,0.0,0.0,0.0,0.0,0.0,-0.00204306304991,0.00542989275318,-1.78780405538e-05,-0.0840794498973,0.000101773726765,0.112951022994,-0.00119623716974,-0.00573663080033,0.00960297764172,0.0183279878122,0.0432673765671,-0.0421006276758,2.84269972136e-05,0,0,0,0,9223372036854775807,0,9223372036854775807,0,9223372036854775807,0,9223372036854775807,0,9223372036854775807,0,9223372036854775807,0.0,0.0,9.22337203685e+18,0.0,9.22337203685e+18,0.0,9.22337203685e+18,0.0,9.22337203685e+18,0.0,9.22337203685e+18,0.0,9.22337203685e+18,0.0,0.0,9.22337203685e+18,0.0,9.22337203685e+18,0.0,9.22337203685e+18,0.0,9.22337203685e+18,0.0,9.22337203685e+18,0.0,9.22337203685e+18,0.0,0.0,9.22337203685e+18,0.0,9.22337203685e+18,0.0,9.22337203685e+18,0.0,9.22337203685e+18,0.0,9.22337203685e+18,0.0,9.22337203685e+18,0,0,9223372036854775807,0,9223372036854775807,0,9223372036854775807,0,9223372036854775807,0,9223372036854775807,0,9223372036854775807,0,9223372036854775807,0,9223372036854775807,0,9223372036854775807,0,9223372036854775807,0,9223372036854775807,0,9223372036854775807,0,9223372036854775807,0,9223372036854775807,0,9223372036854775807,0,9223372036854775807,0,9223372036854775807,0,9223372036854775807,0,9223372036854775807,0,9223372036854775807,0,9223372036854775807,0,9223372036854775807,0,0,0,0,9223372036854775807,9223372036854775807,9223372036854775807,0,0,0,0,0,0,0,0,0,0,0,0,0,0,0,0,0,0,0,0,0,0,0,0,0,0,0,0,1,0,6,0,0,0,0,0,0,0,0,0,0,0,0,0,0,0,1,0,11,0,0,0,0,0,0,0,0,0,0,0,0,0,0,0,0,0,0,0,0,0,0,0,0,0,0,0,1,0,52,0,0,0,0,0,0,0,0,0,1,0,6,0,0,0,0,0,0,0,0,0,0,0,0,0,0,0,0,0,0,0,0,0,0,0,0,0,0,0,0,0,0,0,0,0,0,0,0,0,0,0,0,0,0,0,0,0,0,0,0,0,0,0,0,0,0,1,0,4,0,0,0,0,0,0,0,0,0,0,0,0,0,0,0,0,0,0,0,0,0,0,0,0,0,0,0,0,0,0,0,0,0,1,0,9,0,0,0,0,0,0,0,0,0,0,0,0,0,0,0,0,0,0,1,0,9,0,0,0,0,0,0,0,0,0,0,0,0,1,0,9,0,0,0,0,0,0,0,0,0,0,0,0,0,0,0,0,0,0,1,0,9,0,0,0,0,0,0,0,0,0,0,0,0,1,0,6,0,0,0,0,0,0,0,0,0,0,0,0,0,0,0,0,0,0,1,0,11,0,0,0,1,0,11,0,0,0,0,0,0
1,20,0.0,0.0,0.0,-4000000.0,12,6456,0.042,0.0196363636364,0.000295454545455,6583333.33333,252,2016,0.02,0.000996015936255,3.60398406374e-06,0.0,2,96,0.079,0.079,0.0,0.0,0,0,0,0,0,0.0,1,20,0.0,0.0,0.0,-6000000.0,251,151855,0.05,0.000748,2.85587309237e-05,0.0,0,0,0,0,0,0.0,0,0,0,0,0,0.0,1,20,0.0,0.0,0.0,2000000.0,1,326,0.0,0.0,0,0.0,13,7670,0.044,0.01925,0.000320022727273,18000000.0,0,0,0,0,0,0.0,0,0,0,0,0,0.0,2,746,0.0,0.0,0.0,172000000.0,2,18672,0.113,0.113,0.0,180000000.0,0,0,0,0,0,0.0,0,0,0,0,0,0.0,0,0,0,0,0,0.0,0,0,0,0,0,0.0,3,461,0.133,0.1155,0.0006125,202666666.667,0,0,0,0,0,0.0,0,0,0,0,0,0.0,0,0,0.0,0.0,0,0.0,2,96,0.102,0.102,0.0,0.0,14,10052,0.038,0.0185384615385,0.000326769230769,14500000.0,0,0,0,0,0,0.0,0,0,0,0,0,0.0,0,0,0,0,0,0.0,1,71,0.0,0.0,0.0,0.0,0,0,0,0,0,0.0,0,0,0,0,0,0.0,0,0,0,0,0,0.0,0,0,0,0,0,0.0,0,0,0,0,0,0.0,0,0,0,0,0,0.0,0,0,0,0,0,0.0,0,0,0.0,0.0,0,0.0,1,72,0.0,0.0,0.0,0.0,0,0,0,0,0,0.0,0,0,0,0,0,0.0,0,0,0,0,0,0.0,0,0,0,0,0,0.0,0,0,0,0,0,0.0,0,0,0,0,0,0.0,0,0,0,0,0,0.0,0,0,0,0,0,0.0,1,20,0.0,0.0,0.0,15000000.0,1,668,0.0,0.0,0,0.0,0,0,0,0,0,0.0,0,0,0,0,0,0.0,0,0,0,0,0,0.0,0,0,0,0,0,0.0,0,0,0,0,0,0.0,0,0,0,0,0,0.0,0,0,0,0,0,0.0,0,0,0,0,0,0.0,1,20,0.0,0.0,0.0,3000000.0,0,0,0,0,0,0.0,0,0,0,0,0,0.0,2,13050,0.116,0.116,0.0,53500000.0,0,0,0,0,0,0.0,0,0,0,0,0,0.0,0,0,0,0,0,0.0,0,0,0,0,0,0.0,0,0,0,0,0,0.0,0,0,0,0,0,0.0,3,26592,0.122,0.117,5e-05,13333333.3333,0,0,0,0,0,0.0,0,0,0,0,0,0.0,0,0,0,0,0,0.0,0,0,0,0,0,0.0,2,142,0.116,0.116,0.0,53500000.0,0,0,0,0,0,0.0,0,0,0,0,0,0.0,0,0,0,0,0,0.0,0,0,0,0,0,0.0,0,0,0,0,0,0.0,0,0,0,0,0,0.0,2,286,0.119,0.119,0.0,72000000.0,0,0,0,0,0,0.0,0,0,0,0,0,0.0,20,3811,0.011,0.001,9.22222222222e-06,0.0,1,20,0.0,0.0,0,1000000.0,1,20,0.0,0.0,0,-1000000.0,13,3133,0.037,0.0195,6.5e-05,2461538.46154,2,40,0.212,0.212,0,6000000.0,1,20,0.0,0.0,0,1000000.0,0,0,0,0,0,0.0,3,1089,0.11,0.095,0.00045,10000000.0,3,16194,0.095,0.095,6.31088724177e-30,5000000.0,3,40218,0.095,0.095,6.31088724177e-30,5000000.0,0,0,0,0,0,0.0,3,225,0.095,0.095,6.31088724177e-30,5000000.0,4,602,0.054,0.0266666666667,0.000660333333333,0.0,43,41404,0.031,0.00557142857143,6.08850174216e-05,0.0,0,0,-4.43418640295e-06,1.70559710497e-05,-2.97305589418e-05,-1.03226236914,-1.35380807951e-05,1.19320777032,-0.000371654720865,-0.000893817794311,4.16421929232e-05,4.73162316608e-05,5.98306962791e-05,-4.19094120634e-05,4.87244740022e-06,0.0,0.0,0.0,0.0,0.0,0.0,0.0,0.0,0.0,0.0,0.0,0.0,0.0,-0.00200572445112,0.00567517387824,-1.78834471381e-05,-0.0837892742106,0.000101102705816,0.113857232422,-0.000984060545927,-0.00577524149017,0.00962631747483,0.0183381740479,0.0432465054902,-0.0421022985809,2.7646259239e-05,0,0,0,0,9223372036854775807,0,9223372036854775807,0,9223372036854775807,0,9223372036854775807,0,9223372036854775807,0,9223372036854775807,6.0,10.1000003815,0.0,5.9,5.39026901352,10469376.0,10469376.0,10469376.0,0.0,486219776.0,486219776.0,486219776.0,0.0,6.0,10.6999998093,0.0,6.12000007629,5.60062502098,15544320.0,15544320.0,15544320.0,0.0,472285184.0,472285184.0,472285184.0,0.0,11.0,20.7999992371,9.80000019073,14.0,5.27114764104,69525504.0,69525504.0,69525504.0,0.0,962531328.0,962531328.0,962531328.0,0.0,0,0,9223372036854775807,0,9223372036854775807,0,9223372036854775807,0,9223372036854775807,0,9223372036854775807,0,9223372036854775807,0,9223372036854775807,0,9223372036854775807,0,9223372036854775807,0,9223372036854775807,0,9223372036854775807,0,9223372036854775807,0,9223372036854775807,0,9223372036854775807,0,9223372036854775807,0,9223372036854775807,0,9223372036854775807,0,9223372036854775807,0,9223372036854775807,0,9223372036854775807,0,9223372036854775807,0,9223372036854775807,0,0,0,0,9223372036854775807,9223372036854775807,9223372036854775807,0,1,0,5,0,0,0,0,0,0,0,0,0,0,0,0,0,0,0,0,0,0,0,0,0,0,0,0,1,0,5,0,0,0,0,0,0,0,0,0,0,0,0,0,0,0,0,0,0,0,0,0,0,0,0,0,0,0,0,0,0,1,0,11,0,0,0,0,0,0,0,0,0,0,0,0,0,0,0,0,0,0,0,0,0,0,0,0,0,0,0,0,0,0,0,0,0,0,0,0,0,0,0,0,0,0,0,0,0,0,0,0,0,0,0,0,0,0,0,0,0,0,0,0,0,0,0,0,0,0,0,0,0,0,0,0,0,0,0,0,0,0,1,0,5,0,0,0,0,0,0,0,0,0,0,0,0,0,0,0,0,0,0,0,0,0,0,0,0,0,0,0,0,0,0,0,0,0,0,0,0,0,0,0,0,0,0,0,0,0,0,0,0,0,0,0,0,0,0,0,0,0,0,0,0,0,0,0,0,0,0,0,0,0,0,0,0,0,0,0,0,0,0,0,0,0,0,0,0,0,0,0,0,0,0,0,0,0,0,0,0,0,0,0,0,0,0,0,0,0,0,0,0,0,0,0,0,0,0,0,0,0,0,0,0,0,0,0,0,0,0,0,0,0,0,0,0,0,0,0,0,0,0,0,0,0,0,0,0
2,40,0.202,0.202,0.0,8500000.0,14,7532,0.038,0.0187692307692,0.000234025641026,9000000.0,250,2000,0.018,0.00100401606426,2.40724187071e-06,0.0,3,144,0.101,0.1,2e-06,0.0,0,0,0,0,0,0.0,1,20,0.0,0.0,0.0,1000000.0,230,139150,0.041,0.000873362445415,2.6023366276e-05,0.0,0,0,0,0,0,0.0,0,0,0,0,0,0.0,1,20,0.0,0.0,0.0,9000000.0,0,0,0.0,0.0,0,0.0,11,6490,0.038,0.0184,0.000283155555556,16090909.0909,0,0,0,0,0,0.0,0,0,0,0,0,0.0,4,1492,0.089,0.0296666666667,0.00264033333333,167500000.0,2,18675,0.095,0.095,0.0,172500000.0,0,0,0,0,0,0.0,0,0,0,0,0,0.0,0,0,0,0,0,0.0,0,0,0,0,0,0.0,2,312,0.088,0.088,0.0,205000000.0,0,0,0,0,0,0.0,0,0,0,0,0,0.0,0,0,0.0,0.0,0,0.0,3,144,0.1,0.1,0.0,0.0,11,7898,0.052,0.0194,0.000462044444444,9000000.0,0,0,0,0,0,0.0,0,0,0,0,0,0.0,0,0,0,0,0,0.0,1,71,0.0,0.0,0.0,3000000.0,0,0,0,0,0,0.0,0,0,0,0,0,0.0,0,0,0,0,0,0.0,0,0,0,0,0,0.0,0,0,0,0,0,0.0,0,0,0,0,0,0.0,0,0,0,0,0,0.0,1,940,0.0,0.0,0,0.0,1,72,0.0,0.0,0.0,0.0,0,0,0,0,0,0.0,0,0,0,0,0,0.0,0,0,0,0,0,0.0,0,0,0,0,0,0.0,0,0,0,0,0,0.0,0,0,0,0,0,0.0,0,0,0,0,0,0.0,0,0,0,0,0,0.0,2,40,0.202,0.202,0.0,7500000.0,1,668,0.0,0.0,0,0.0,0,0,0,0,0,0.0,0,0,0,0,0,0.0,0,0,0,0,0,0.0,0,0,0,0,0,0.0,0,0,0,0,0,0.0,0,0,0,0,0,0.0,0,0,0,0,0,0.0,0,0,0,0,0,0.0,1,20,0.0,0.0,0.0,0.0,0,0,0,0,0,0.0,0,0,0,0,0,0.0,2,13050,0.107,0.107,0.0,41500000.0,0,0,0,0,0,0.0,0,0,0,0,0,0.0,0,0,0,0,0,0.0,0,0,0,0,0,0.0,0,0,0,0,0,0.0,0,0,0,0,0,0.0,2,17728,0.128,0.128,0.0,15500000.0,0,0,0,0,0,0.0,0,0,0,0,0,0.0,0,0,0,0,0,0.0,0,0,0,0,0,0.0,2,142,0.117,0.117,0.0,36500000.0,0,0,0,0,0,0.0,0,0,0,0,0,0.0,0,0,0,0,0,0.0,0,0,0,0,0,0.0,0,0,0,0,0,0.0,0,0,0,0,0,0.0,2,297,0.113,0.113,0.0,65500000.0,0,0,0,0,0,0.0,0,0,0,0,0,0.0,0,0,0.0,0.0,0.0,0.0,2,40,0.201,0.201,0,500000.0,1,20,0.0,0.0,0,2000000.0,12,2892,0.031,0.0200909090909,4.90909090909e-05,2166666.66667,1,20,0.0,0.0,0,6000000.0,2,40,0.199,0.199,0,0.0,0,0,0,0,0,0.0,2,726,0.099,0.099,0.0,13000000.0,2,10796,0.119,0.119,0.0,3000000.0,2,26812,0.119,0.119,0.0,3000000.0,0,0,0,0,0,0.0,2,150,0.119,0.119,0.0,3000000.0,11,1489,0.084,0.019,0.00104666666667,0.0,46,43185,0.022,0.00511111111111,4.61919191919e-05,0.0,0,0,-4.15183974756e-06,1.68926996711e-05,4.22190824514e-05,-1.05284534551,-1.3532499497e-05,1.21995734699,-0.000371535223984,-0.000893823883099,4.16522078535e-05,4.73252387065e-05,5.98056580552e-05,-4.19235156653e-05,4.87342547295e-06,0.0,0.0,0.0,0.0,0.0,0.0,0.0,0.0,0.0,0.0,0.0,0.0,0.0,-0.00194033208635,0.00590908282089,-1.78861682414e-05,-0.0835408573537,0.000100550581245,0.114653552356,-0.000767475706187,-0.00582097310318,0.00964545121129,0.0183452983359,0.0432287969782,-0.042104887679,2.67559335168e-05,0,0,0,0,9223372036854775807,0,9223372036854775807,0,9223372036854775807,0,9223372036854775807,0,9223372036854775807,0,9223372036854775807,0.0,0.0,9.22337203685e+18,0.0,9.22337203685e+18,0.0,9.22337203685e+18,0.0,9.22337203685e+18,0.0,9.22337203685e+18,0.0,9.22337203685e+18,0.0,0.0,9.22337203685e+18,0.0,9.22337203685e+18,0.0,9.22337203685e+18,0.0,9.22337203685e+18,0.0,9.22337203685e+18,0.0,9.22337203685e+18,0.0,0.0,9.22337203685e+18,0.0,9.22337203685e+18,0.0,9.22337203685e+18,0.0,9.22337203685e+18,0.0,9.22337203685e+18,0.0,9.22337203685e+18,0,0,9223372036854775807,0,9223372036854775807,0,9223372036854775807,0,9223372036854775807,0,9223372036854775807,0,9223372036854775807,0,9223372036854775807,0,9223372036854775807,0,9223372036854775807,0,9223372036854775807,0,9223372036854775807,0,9223372036854775807,0,9223372036854775807,0,9223372036854775807,0,9223372036854775807,0,9223372036854775807,0,9223372036854775807,0,9223372036854775807,0,9223372036854775807,0,9223372036854775807,0,9223372036854775807,0,9223372036854775807,0,0,0,0,9223372036854775807,9223372036854775807,9223372036854775807,0,1,0,6,0,0,0,0,0,0,2,0,22,0,0,0,0,0,0,0,0,0,0,0,0,0,0,0,0,0,0,0,0,0,2,3,102,0,0,0,0,0,0,0,0,0,0,0,0,0,0,0,0,0,0,0,0,0,0,0,0,0,0,0,0,0,0,0,0,0,0,0,0,0,0,0,0,0,0,0,0,0,0,0,0,0,0,0,0,0,0,0,0,0,0,0,0,0,0,0,0,0,0,0,0,0,0,0,0,0,0,0,0,0,0,0,0,0,0,0,0,0,0,0,0,0,0,0,0,0,0,0,0,0,0,0,0,0,0,0,0,0,1,0,6,0,0,0,0,0,0,0,0,0,0,0,0,0,0,0,0,0,0,0,0,0,0,0,0,0,0,0,0,0,0,0,0,0,0,0,0,0,0,0,0,0,0,0,0,0,0,0,0,0,0,0,0,0,0,0,0,0,0,0,0,0,0,0,0,0,0,0,0,0,0,0,0,0,0,0,0,0,0,0,0,0,0,0,0,0,0,0,0,0,0,0,0,0,0,0,0,0,0,0,0,0,0,0,0,0,1,0,6,0,0,0,1,0,51,0,0,0,0,0,0,0,0,0,0,0,0,3,0,30,0,0,0,0,0,0,0,0,0,0,0,0,0,0,0
1,20,0.0,0.0,0.0,7000000.0,12,6456,0.037,0.0213636363636,0.000290454545455,12500000.0,251,2008,0.015,0.001,2.77911646586e-06,0.0,2,96,0.099,0.099,0.0,0.0,0,0,0,0,0,0.0,2,40,0.199,0.199,0.0,500000.0,277,167585,0.056,0.00088768115942,3.44491567852e-05,0.0,0,0,0,0,0,0.0,0,0,0,0,0,0.0,1,20,0.0,0.0,0.0,0.0,1,326,0.0,0.0,0,0.0,13,7670,0.056,0.0188333333333,0.00034996969697,14307692.3077,0,0,0,0,0,0.0,0,0,0,0,0,0.0,4,1492,0.206,0.0696666666667,0.0139423333333,172750000.0,3,28059,0.11,0.103,9.8e-05,170000000.0,0,0,0,0,0,0.0,0,0,0,0,0,0.0,0,0,0,0,0,0.0,0,0,0,0,0,0.0,3,455,0.105,0.1045,5.00000000001e-07,192666666.667,0,0,0,0,0,0.0,0,0,0,0,0,0.0,0,0,0.0,0.0,0,0.0,2,96,0.114,0.114,0.0,0.0,14,10052,0.048,0.0186153846154,0.00028558974359,4428571.42857,0,0,0,0,0,0.0,0,0,0,0,0,0.0,0,0,0,0,0,0.0,1,71,0.0,0.0,0.0,0.0,0,0,0,0,0,0.0,0,0,0,0,0,0.0,0,0,0,0,0,0.0,0,0,0,0,0,0.0,0,0,0,0,0,0.0,0,0,0,0,0,0.0,0,0,0,0,0,0.0,1,940,0.0,0.0,0,18000000.0,1,72,0.0,0.0,0.0,18000000.0,0,0,0,0,0,0.0,0,0,0,0,0,0.0,0,0,0,0,0,0.0,0,0,0,0,0,0.0,0,0,0,0,0,0.0,0,0,0,0,0,0.0,0,0,0,0,0,0.0,0,0,0,0,0,0.0,1,20,0.0,0.0,0.0,6000000.0,1,668,0.0,0.0,0,0.0,0,0,0,0,0,0.0,0,0,0,0,0,0.0,0,0,0,0,0,0.0,0,0,0,0,0,0.0,0,0,0,0,0,0.0,0,0,0,0,0,0.0,0,0,0,0,0,0.0,0,0,0,0,0,0.0,1,20,0.0,0.0,0.0,22000000.0,0,0,0,0,0,0.0,0,0,0,0,0,0.0,2,13050,0.129,0.129,0.0,42000000.0,0,0,0,0,0,0.0,0,0,0,0,0,0.0,0,0,0,0,0,0.0,0,0,0,0,0,0.0,0,0,0,0,0,0.0,0,0,0,0,0,0.0,2,17728,0.147,0.147,0.0,8500000.0,0,0,0,0,0,0.0,0,0,0,0,0,0.0,0,0,0,0,0,0.0,0,0,0,0,0,0.0,2,142,0.131,0.131,0.0,41000000.0,0,0,0,0,0,0.0,0,0,0,0,0,0.0,0,0,0,0,0,0.0,0,0,0,0,0,0.0,0,0,0,0,0,0.0,0,0,0,0,0,0.0,2,357,0.139,0.139,0.0,61000000.0,0,0,0,0,0,0.0,0,0,0,0,0,0.0,10,1913,0.0,0.0,0.0,0.0,1,20,0.0,0.0,0,0.0,1,20,0.0,0.0,0,0.0,13,3133,0.036,0.02,0.000119818181818,3923076.92308,1,20,0.0,0.0,0,3000000.0,1,20,0.0,0.0,0,0.0,0,0,0,0,0,0.0,3,1089,0.101,0.084,0.000578,17333333.3333,3,16194,0.102,0.0995,1.25e-05,6666666.66667,3,40218,0.102,0.0995,1.25e-05,6666666.66667,0,0,0,0,0,0.0,3,225,0.101,0.0995,4.5e-06,7000000.0,14,2089,0.078,0.0168461538462,0.000622641025641,0.0,51,51457,0.036,0.00492,7.01567346939e-05,0.0,0,0,-4.62549749081e-06,1.70052889494e-05,-2.73265384889e-05,-1.07714113794,-1.35256711342e-05,1.25172473567,-0.000371379016868,-0.000893835749199,4.16561390164e-05,4.73336850186e-05,5.97746031348e-05,-4.19428925081e-05,4.87481497835e-06,0.0,0.0,0.0,0.0,0.0,0.0,0.0,0.0,0.0,0.0,0.0,0.0,0.0,-0.00180507332654,0.00620484905928,-1.78931031126e-05,-0.0832828118485,9.99924765623e-05,0.115631318781,-0.000482742791626,-0.00588358336714,0.00966681000479,0.0183520538785,0.0432091714896,-0.042109420326,2.56124314515e-05,0,0,0,0,9223372036854775807,0,9223372036854775807,0,9223372036854775807,0,9223372036854775807,0,9223372036854775807,0,9223372036854775807,6.0,10.1000003815,0.0,4.02000007629,5.50472534825,10469376.0,10469376.0,10469376.0,0.0,486219776.0,486219776.0,486219776.0,0.0,0.0,0.0,9.22337203685e+18,0.0,9.22337203685e+18,0.0,9.22337203685e+18,0.0,9.22337203685e+18,0.0,9.22337203685e+18,0.0,9.22337203685e+18,0.0,0.0,9.22337203685e+18,0.0,9.22337203685e+18,0.0,9.22337203685e+18,0.0,9.22337203685e+18,0.0,9.22337203685e+18,0.0,9.22337203685e+18,0,0,9223372036854775807,0,9223372036854775807,0,9223372036854775807,0,9223372036854775807,0,9223372036854775807,0,9223372036854775807,0,9223372036854775807,0,9223372036854775807,0,9223372036854775807,0,9223372036854775807,0,9223372036854775807,0,9223372036854775807,0,9223372036854775807,0,9223372036854775807,0,9223372036854775807,0,9223372036854775807,0,9223372036854775807,0,9223372036854775807,0,9223372036854775807,0,9223372036854775807,0,9223372036854775807,0,9223372036854775807,0,0,0,0,9223372036854775807,9223372036854775807,9223372036854775807,0,0,0,0,1,0,51,0,0,0,0,0,0,0,0,0,0,0,0,0,0,0,0,0,0,0,0,0,0,0,0,0,0,0,1,0,52,0,0,0,0,0,0,1,0,12,0,0,0,0,0,0,0,0,0,0,0,0,0,0,0,0,0,0,0,0,0,0,0,0,0,0,0,2,0,22,1,0,42,0,0,0,0,0,0,0,0,0,0,0,0,0,0,0,0,0,0,0,0,0,0,0,0,0,0,0,0,0,0,0,0,0,1,0,3,1,0,6,0,0,0,0,0,0,0,0,0,0,0,0,0,0,0,0,0,0,0,0,0,0,0,0,0,0,0,0,0,0,0,0,0,0,0,0,0,0,0,0,0,0,0,0,0,0,0,0,0,0,0,0,0,0,1,0,5,0,0,0,0,0,0,0,0,0,0,0,0,0,0,0,0,0,0,0,0,0,0,0,0,0,0,0,0,0,0,0,0,0,0,0,0,0,0,0,0,0,0,0,0,0,0,0,0,0,0,0,0,0,0,0,0,0,0,0,0,0,0,0,0,0,0,0,0,0,0,0,0,1,0,42,0,0,0,0,0,0,1,0,51,1,0,5,1,0,6,0,0,0,0,0,0,0,0,0,0,0,0,0,0,0,0,0,0,0,0,0,1,0,161
1,20,0.0,0.0,0.0,0.0,13,6994,0.053,0.019,0.000447818181818,10615384.6154,252,2016,0.016,0.000996015936255,2.49998406374e-06,0.0,3,144,0.1,0.0995,5.00000000001e-07,0.0,0,0,0,0,0,0.0,1,20,0.0,0.0,0.0,0.0,263,159115,0.053,0.000870229007634,3.44888420929e-05,0.0,0,0,0,0,0,0.0,0,0,0,0,0,0.0,2,40,0.196,0.196,0.0,7000000.0,1,326,0.0,0.0,0,0.0,13,7670,0.057,0.0194166666667,0.000360628787879,11461538.4615,0,0,0,0,0,0.0,0,0,0,0,0,0.0,4,1492,0.113,0.0376666666667,0.00425633333333,175500000.0,3,28072,0.108,0.0925,0.0004805,172333333.333,0,0,0,0,0,0.0,0,0,0,0,0,0.0,0,0,0,0,0,0.0,0,0,0,0,0,0.0,2,326,0.093,0.093,0.0,193500000.0,0,0,0,0,0,0.0,0,0,0,0,0,0.0,0,0,0.0,0.0,0,0.0,3,144,0.101,0.1,2e-06,0.0,12,8616,0.047,0.0180909090909,0.000295290909091,6083333.33333,0,0,0,0,0,0.0,0,0,0,0,0,0.0,0,0,0,0,0,0.0,2,142,0.19,0.19,0.0,-2000000.0,0,0,0,0,0,0.0,0,0,0,0,0,0.0,0,0,0,0,0,0.0,0,0,0,0,0,0.0,0,0,0,0,0,0.0,0,0,0,0,0,0.0,0,0,0,0,0,0.0,1,940,0.0,0.0,0,-1000000.0,2,144,0.199,0.199,0.0,0.0,0,0,0,0,0,0.0,0,0,0,0,0,0.0,0,0,0,0,0,0.0,0,0,0,0,0,0.0,0,0,0,0,0,0.0,0,0,0,0,0,0.0,0,0,0,0,0,0.0,0,0,0,0,0,0.0,1,20,0.0,0.0,0.0,0.0,1,668,0.0,0.0,0,0.0,0,0,0,0,0,0.0,0,0,0,0,0,0.0,0,0,0,0,0,0.0,0,0,0,0,0,0.0,0,0,0,0,0,0.0,0,0,0,0,0,0.0,0,0,0,0,0,0.0,0,0,0,0,0,0.0,2,40,0.2,0.2,0.0,0.0,0,0,0,0,0,0.0,0,0,0,0,0,0.0,2,13050,0.112,0.112,0.0,43500000.0,0,0,0,0,0,0.0,0,0,0,0,0,0.0,0,0,0,0,0,0.0,0,0,0,0,0,0.0,0,0,0,0,0,0.0,0,0,0,0,0,0.0,2,17728,0.133,0.133,0.0,20500000.0,0,0,0,0,0,0.0,0,0,0,0,0,0.0,0,0,0,0,0,0.0,0,0,0,0,0,0.0,2,142,0.114,0.114,0.0,40500000.0,0,0,0,0,0,0.0,0,0,0,0,0,0.0,0,0,0,0,0,0.0,0,0,0,0,0,0.0,0,0,0,0,0,0.0,0,0,0,0,0,0.0,2,291,0.113,0.113,0.0,77000000.0,0,0,0,0,0,0.0,0,0,0,0,0,0.0,13,2475,0.002,0.000166666666667,3.33333333333e-07,0.0,1,20,0.0,0.0,0,0.0,2,40,0.189,0.189,0,11000000.0,12,2892,0.032,0.0207272727273,5.64181818182e-05,3083333.33333,1,20,0.0,0.0,0,1000000.0,1,20,0.0,0.0,0,0.0,0,0,0,0,0,0.0,2,726,0.104,0.104,0.0,11500000.0,2,10796,0.092,0.092,0.0,5500000.0,2,26812,0.092,0.092,0.0,5500000.0,0,0,0,0,0,0.0,2,150,0.092,0.092,0.0,5500000.0,10,1553,0.075,0.0238888888889,0.000706361111111,0.0,44,43956,0.032,0.00541860465116,5.90110741971e-05,0.0,0,0,-3.91379465459e-06,1.72865081307e-05,2.55193115937e-05,-1.10141148581,-1.35188194301e-05,1.28366827899,-0.00037122098555,-0.000893849698635,4.16556765268e-05,4.73417787648e-05,5.97434051297e-05,-4.19635952775e-05,4.87638171887e-06,0.0,0.0,0.0,0.0,0.0,0.0,0.0,0.0,0.0,0.0,0.0,0.0,0.0,-0.00160333992503,0.00652702747787,-1.78991691354e-05,-0.0830767835717,9.94967902922e-05,0.116677611063,-0.000170659823213,-0.00595942667299,0.00968751664575,0.0183574540503,0.0431903811455,-0.0421156043677,2.43022456062e-05,0,0,0,0,9223372036854775807,0,9223372036854775807,0,9223372036854775807,0,9223372036854775807,0,9223372036854775807,0,9223372036854775807,6.0,23.8999996185,0.0,8.55999984741,9.83071700866,10469376.0,10469376.0,10469376.0,0.0,486219776.0,486219776.0,486219776.0,0.0,0.0,0.0,9.22337203685e+18,0.0,9.22337203685e+18,0.0,9.22337203685e+18,0.0,9.22337203685e+18,0.0,9.22337203685e+18,0.0,9.22337203685e+18,0.0,0.0,9.22337203685e+18,0.0,9.22337203685e+18,0.0,9.22337203685e+18,0.0,9.22337203685e+18,0.0,9.22337203685e+18,0.0,9.22337203685e+18,0,0,9223372036854775807,0,9223372036854775807,0,9223372036854775807,0,9223372036854775807,0,9223372036854775807,0,9223372036854775807,0,9223372036854775807,0,9223372036854775807,0,9223372036854775807,0,9223372036854775807,0,9223372036854775807,0,9223372036854775807,0,9223372036854775807,0,9223372036854775807,0,9223372036854775807,0,9223372036854775807,0,9223372036854775807,0,9223372036854775807,0,9223372036854775807,0,9223372036854775807,0,9223372036854775807,0,9223372036854775807,0,0,0,0,9223372036854775807,9223372036854775807,9223372036854775807,0,0,0,0,0,0,0,0,0,0,0,0,0,0,0,0,1,0,6,0,0,0,0,0,0,0,0,0,1,0,5,1,0,3,0,0,0,0,0,0,0,0,0,0,0,0,1,0,10,0,0,0,0,0,0,0,0,0,0,0,0,0,0,0,0,0,0,0,0,0,0,0,0,0,0,0,1,0,50,0,0,0,0,0,0,0,0,0,0,0,0,0,0,0,0,0,0,0,0,0,0,0,0,0,0,0,0,0,0,0,0,0,0,0,0,0,0,0,0,0,0,0,0,0,0,0,0,0,0,0,0,0,0,0,0,0,0,0,0,0,0,0,0,0,0,0,0,0,0,0,0,0,0,0,0,0,0,0,0,0,0,0,0,0,0,0,0,0,0,0,0,0,0,0,0,0,0,0,0,0,0,0,0,0,0,0,0,0,0,0,0,0,0,0,0,0,0,0,0,0,0,0,1,0,9,0,0,0,0,0,0,0,0,0,0,0,0,0,0,0,0,0,0,0,0,0,0,0,0,0,0,0,0,0,0,0,0,0,0,0,0,0,0,0,0,0,0,0,0,0,0,0,0,1,0,5,0,0,0,0,0,0,0,0,0,0,0,0,1,0,11,1,0,11,0,0,0,0,0,0,0,0,0,0,0,0,0,0,0
1,20,0.0,0.0,0.0,5000000.0,13,6994,0.045,0.0195,0.000271545454545,9769230.76923,250,2000,0.015,0.00100401606426,2.71369348361e-06,0.0,2,96,0.086,0.086,0.0,0.0,1,574,0,0,0,2000000.0,1,20,0.0,0.0,0.0,0.0,262,158510,0.057,0.000892720306513,3.20961391099e-05,0.0,0,0,0,0,0,0.0,0,0,0,0,0,0.0,1,20,0.0,0.0,0.0,0.0,0,0,0.0,0.0,0,0.0,11,6490,0.046,0.0173,0.000364455555556,16000000.0,0,0,0,0,0,0.0,0,0,0,0,0,0.0,4,1492,0.077,0.0256666666667,0.00197633333333,172000000.0,2,18755,0.083,0.083,0.0,175000000.0,0,0,0,0,0,0.0,0,0,0,0,0,0.0,0,0,0,0,0,0.0,0,0,0,0,0,0.0,3,477,0.101,0.0945,8.45e-05,196333333.333,0,0,0,0,0,0.0,0,0,0,0,0,0.0,0,0,0.0,0.0,0,0.0,2,96,0.105,0.105,0.0,0.0,12,8616,0.057,0.0211818181818,0.000385563636364,10000000.0,0,0,0,0,0,0.0,0,0,0,0,0,0.0,0,0,0,0,0,0.0,1,71,0.0,0.0,0.0,0.0,0,0,0,0,0,0.0,0,0,0,0,0,0.0,0,0,0,0,0,0.0,0,0,0,0,0,0.0,0,0,0,0,0,0.0,0,0,0,0,0,0.0,0,0,0,0,0,0.0,0,0,0.0,0.0,0,0.0,1,72,0.0,0.0,0.0,-1000000.0,0,0,0,0,0,0.0,0,0,0,0,0,0.0,0,0,0,0,0,0.0,0,0,0,0,0,0.0,0,0,0,0,0,0.0,0,0,0,0,0,0.0,0,0,0,0,0,0.0,0,0,0,0,0,0.0,1,20,0.0,0.0,0.0,8000000.0,1,668,0.0,0.0,0,0.0,0,0,0,0,0,0.0,0,0,0,0,0,0.0,0,0,0,0,0,0.0,0,0,0,0,0,0.0,0,0,0,0,0,0.0,0,0,0,0,0,0.0,0,0,0,0,0,0.0,0,0,0,0,0,0.0,1,20,0.0,0.0,0.0,2000000.0,0,0,0,0,0,0.0,0,0,0,0,0,0.0,3,19575,0.126,0.1165,0.0001805,37000000.0,0,0,0,0,0,0.0,0,0,0,0,0,0.0,0,0,0,0,0,0.0,0,0,0,0,0,0.0,0,0,0,0,0,0.0,0,0,0,0,0,0.0,2,17728,0.1,0.1,0.0,13500000.0,0,0,0,0,0,0.0,0,0,0,0,0,0.0,0,0,0,0,0,0.0,0,0,0,0,0,0.0,3,213,0.125,0.1165,0.0001445,34666666.6667,0,0,0,0,0,0.0,0,0,0,0,0,0.0,0,0,0,0,0,0.0,0,0,0,0,0,0.0,0,0,0,0,0,0.0,0,0,0,0,0,0.0,2,335,0.123,0.123,0.0,68000000.0,0,0,0,0,0,0.0,0,0,0,0,0,0.0,0,0,0.0,0.0,0.0,0.0,1,20,0.0,0.0,0,0.0,1,20,0.0,0.0,0,2000000.0,12,2892,0.036,0.02,6.44e-05,3000000.0,2,40,0.199,0.199,0,500000.0,1,20,0.0,0.0,0,0.0,0,0,0,0,0,0.0,2,726,0.109,0.109,0.0,14500000.0,3,16194,0.095,0.094,2e-06,4666666.66667,3,40218,0.095,0.094,2e-06,4666666.66667,0,0,0,0,0,0.0,3,225,0.095,0.094,2e-06,4666666.66667,10,1496,0.077,0.024,0.00081025,0.0,47,48889,0.024,0.00510869565217,5.69434782609e-05,0.0,0,0,-3.66600765389e-06,1.76989518792e-05,-2.50318982786e-05,-1.12194518034,-1.35132632728e-05,1.31084912229,-0.000371089702877,-0.000893857592295,4.16438719784e-05,4.7345643889e-05,5.97174383543e-05,-4.19839175818e-05,4.87791189574e-06,0.0,0.0,0.0,0.0,0.0,0.0,0.0,0.0,0.0,0.0,0.0,0.0,0.0,-0.00125450534861,0.0068175537151,-1.79015912922e-05,-0.0830409122223,9.92016929708e-05,0.1177725465,0.000104808355786,-0.00602816998138,0.00970207472545,0.0183608037802,0.0431760921548,-0.0421229613535,2.31476531398e-05,0,0,0,0,9223372036854775807,0,9223372036854775807,0,9223372036854775807,0,9223372036854775807,0,9223372036854775807,0,9223372036854775807,0.0,0.0,9.22337203685e+18,0.0,9.22337203685e+18,0.0,9.22337203685e+18,0.0,9.22337203685e+18,0.0,9.22337203685e+18,0.0,9.22337203685e+18,0.0,0.0,9.22337203685e+18,0.0,9.22337203685e+18,0.0,9.22337203685e+18,0.0,9.22337203685e+18,0.0,9.22337203685e+18,0.0,9.22337203685e+18,0.0,0.0,9.22337203685e+18,0.0,9.22337203685e+18,0.0,9.22337203685e+18,0.0,9.22337203685e+18,0.0,9.22337203685e+18,0.0,9.22337203685e+18,0,0,9223372036854775807,0,9223372036854775807,0,9223372036854775807,0,9223372036854775807,0,9223372036854775807,0,9223372036854775807,0,9223372036854775807,0,9223372036854775807,0,9223372036854775807,0,9223372036854775807,0,9223372036854775807,0,9223372036854775807,0,9223372036854775807,0,9223372036854775807,0,9223372036854775807,0,9223372036854775807,0,9223372036854775807,0,9223372036854775807,0,9223372036854775807,0,9223372036854775807,0,9223372036854775807,0,9223372036854775807,0,0,0,0,9223372036854775807,9223372036854775807,9223372036854775807,0,0,0,0,0,0,0,0,0,0,0,0,0,1,0,1,0,0,0,0,0,0,0,0,0,0,0,0,0,0,0,0,0,0,0,0,0,0,0,0,0,0,0,0,0,0,0,0,0,0,0,0,0,0,0,0,0,0,0,0,0,1,0,11,0,0,0,0,0,0,0,0,0,0,0,0,0,0,0,0,0,0,0,0,0,0,0,0,1,0,6,0,0,0,0,0,0,0,0,0,0,0,0,0,0,0,0,0,0,0,0,0,0,0,0,0,0,0,0,0,0,0,0,0,0,0,0,0,0,0,0,0,0,0,0,0,0,0,0,0,0,0,0,0,0,1,0,5,0,0,0,0,0,0,0,0,0,0,0,0,0,0,0,0,0,0,0,0,0,0,0,0,0,0,0,0,0,0,0,0,0,1,0,9,0,0,0,0,0,0,0,0,0,0,0,0,0,0,0,0,0,0,0,0,0,0,0,0,0,0,0,0,0,0,0,0,0,1,0,9,0,0,0,0,0,0,0,0,0,0,0,0,0,0,0,0,0,0,1,0,9,0,0,0,0,0,0,0,0,0,0,0,0,0,0,0,0,0,0,0,0,0,0,0,0,0,0,0,0,0,0,0,0,0,1,0,11,0,0,0,1,0,11,0,0,0,0,0,0
2,40,0.202,0.202,0.0,0.0,12,6456,0.047,0.0191818181818,0.000375363636364,8833333.33333,253,2024,0.014,0.000992063492063,2.27882122304e-06,0.0,3,144,0.103,0.1015,4.5e-06,0.0,0,0,0,0,0,0.0,1,20,0.0,0.0,0.0,0.0,233,140965,0.047,0.000844827586207,2.69022242126e-05,0.0,0,0,0,0,0,0.0,0,0,0,0,0,0.0,1,20,0.0,0.0,0.0,0.0,1,326,0.0,0.0,0,0.0,13,7670,0.04,0.0165,0.000314090909091,17615384.6154,0,0,0,0,0,0.0,0,0,0,0,0,0.0,2,746,0.0,0.0,0.0,164000000.0,2,18745,0.141,0.141,0.0,190500000.0,0,0,0,0,0,0.0,0,0,0,0,0,0.0,0,0,0,0,0,0.0,0,0,0,0,0,0.0,2,328,0.134,0.134,0.0,226000000.0,0,0,0,0,0,0.0,0,0,0,0,0,0.0,0,0,0.0,0.0,0,0.0,3,144,0.1,0.0905,0.0001805,0.0,12,8616,0.04,0.0189090909091,0.000258090909091,9083333.33333,0,0,0,0,0,0.0,0,0,0,0,0,0.0,0,0,0,0,0,0.0,1,71,0.0,0.0,0.0,-13000000.0,0,0,0,0,0,0.0,0,0,0,0,0,0.0,0,0,0,0,0,0.0,0,0,0,0,0,0.0,0,0,0,0,0,0.0,0,0,0,0,0,0.0,0,0,0,0,0,0.0,1,940,0.0,0.0,0,5000000.0,1,72,0.0,0.0,0.0,5000000.0,0,0,0,0,0,0.0,0,0,0,0,0,0.0,0,0,0,0,0,0.0,0,0,0,0,0,0.0,0,0,0,0,0,0.0,0,0,0,0,0,0.0,0,0,0,0,0,0.0,0,0,0,0,0,0.0,2,40,0.196,0.196,0.0,2000000.0,1,668,0.0,0.0,0,0.0,0,0,0,0,0,0.0,0,0,0,0,0,0.0,0,0,0,0,0,0.0,0,0,0,0,0,0.0,0,0,0,0,0,0.0,0,0,0,0,0,0.0,0,0,0,0,0,0.0,0,0,0,0,0,0.0,1,20,0.0,0.0,0.0,8000000.0,0,0,0,0,0,0.0,0,0,0,0,0,0.0,2,13050,0.128,0.128,0.0,43500000.0,0,0,0,0,0,0.0,0,0,0,0,0,0.0,0,0,0,0,0,0.0,0,0,0,0,0,0.0,0,0,0,0,0,0.0,0,0,0,0,0,0.0,2,17728,0.118,0.118,0.0,16500000.0,0,0,0,0,0,0.0,0,0,0,0,0,0.0,0,0,0,0,0,0.0,0,0,0,0,0,0.0,2,142,0.13,0.13,0.0,42500000.0,0,0,0,0,0,0.0,0,0,0,0,0,0.0,0,0,0,0,0,0.0,0,0,0,0,0,0.0,0,0,0,0,0,0.0,0,0,0,0,0,0.0,3,458,0.113,0.1125,4.99999999998e-07,61666666.6667,0,0,0,0,0,0.0,0,0,0,0,0,0.0,19,3616,0.0,0.0,0.0,0.0,2,40,0.219,0.219,0,9500000.0,1,20,0.0,0.0,0,3000000.0,13,3133,0.034,0.0194166666667,0.000106446969697,2846153.84615,1,20,0.0,0.0,0,10000000.0,2,40,0.22,0.22,0,11000000.0,0,0,0,0,0,0.0,3,1089,0.107,0.0985,0.0001445,6000000.0,2,10796,0.099,0.099,0.0,-500000.0,2,26812,0.099,0.099,0.0,-500000.0,0,0,0,0,0,0.0,2,150,0.099,0.099,0.0,-500000.0,13,1859,0.07,0.0168333333333,0.000597242424242,0.0,50,49174,0.03,0.00502040816327,6.56870748299e-05,0.0,0,0,-3.35593865408e-06,1.80256698332e-05,2.41157986842e-05,-1.14624969862,-1.35070461482e-05,1.34332262224,-0.000371069751845,-0.000893869639961,4.16071120091e-05,4.73376278869e-05,5.9697302202e-05,-4.20079120306e-05,4.88025115164e-06,0.0,0.0,0.0,0.0,0.0,0.0,0.0,0.0,0.0,0.0,0.0,0.0,0.0,-0.000822742384558,0.00695956916093,-1.79175676723e-05,-0.0832976397709,9.90225527217e-05,0.119927328107,0.000398723214627,-0.00611819083542,0.00970459247632,0.0183562757181,0.0431714312223,-0.042132106971,2.19335830052e-05,0,0,0,0,9223372036854775807,0,9223372036854775807,0,9223372036854775807,0,9223372036854775807,0,9223372036854775807,0,9223372036854775807,6.0,11.8000001907,0.0,3.82000007629,5.46735777985,10469376.0,10469376.0,10469376.0,0.0,486219776.0,486219776.0,486219776.0,0.0,6.0,21.2999992371,0.0,9.97999982834,7.64767911168,15544320.0,15544320.0,15544320.0,0.0,472285184.0,472285184.0,472285184.0,0.0,11.0,53.2999992371,0.0,19.2399997711,20.5554855574,69525504.0,65462272.0,67900211.2,2225523.82278,962531328.0,962531328.0,962531328.0,0.0,0,0,9223372036854775807,0,9223372036854775807,0,9223372036854775807,0,9223372036854775807,0,9223372036854775807,0,9223372036854775807,0,9223372036854775807,0,9223372036854775807,0,9223372036854775807,0,9223372036854775807,0,9223372036854775807,0,9223372036854775807,0,9223372036854775807,0,9223372036854775807,0,9223372036854775807,0,9223372036854775807,0,9223372036854775807,0,9223372036854775807,0,9223372036854775807,0,9223372036854775807,0,9223372036854775807,0,9223372036854775807,0,0,0,0,9223372036854775807,9223372036854775807,9223372036854775807,0,2,0,12,0,0,0,0,0,0,2,0,22,0,0,0,0,0,0,0,0,0,0,0,0,0,0,0,1,0,6,0,0,0,2,2,100,0,0,0,0,0,0,0,0,0,0,0,0,0,0,0,0,0,0,0,0,0,0,0,0,0,0,0,0,0,0,0,0,0,0,0,0,0,0,0,1,0,41,0,0,0,0,0,0,0,0,0,0,0,0,0,0,0,0,0,0,0,0,0,0,0,0,0,0,0,0,0,0,0,0,0,0,0,0,0,0,0,0,0,0,0,0,0,0,0,0,0,0,0,0,0,0,0,0,0,0,0,0,0,0,0,2,0,11,0,0,0,0,0,0,0,0,0,0,0,0,0,0,0,0,0,0,0,0,0,0,0,0,0,0,0,0,0,0,0,0,0,0,0,0,0,0,0,0,0,0,0,0,0,0,0,0,0,0,0,0,0,0,0,0,0,0,0,0,0,0,0,0,0,0,0,0,0,0,0,0,0,0,0,0,0,0,0,0,0,0,0,0,0,0,0,0,0,0,0,0,0,0,0,0,0,0,0,0,0,0,0,0,0,1,0,5,0,0,0,1,0,50,0,0,0,0,0,0,0,0,0,0,0,0,0,0,0,0,0,0,0,0,0,0,0,0,0,0,0,1,0,401
1,20,0.0,0.0,0.0,-6000000.0,13,6994,0.048,0.0203333333333,0.000308606060606,13538461.5385,251,2008,0.018,0.000992,4.08025702811e-06,0.0,2,96,0.113,0.113,0.0,0.0,0,0,0,0,0,0.0,2,40,0.194,0.194,0.0,2000000.0,261,157905,0.056,0.000876923076923,3.27647163647e-05,0.0,0,0,0,0,0,0.0,0,0,0,0,0,0.0,2,40,0.199,0.199,0.0,0.0,1,326,0.0,0.0,0,0.0,14,8260,0.04,0.0185384615385,0.000217769230769,11285714.2857,0,0,0,0,0,0.0,0,0,0,0,0,0.0,4,1492,0.074,0.0246666666667,0.00182533333333,160000000.0,3,28100,0.123,0.0975,0.0013005,168666666.667,0,0,0,0,0,0.0,0,0,0,0,0,0.0,0,0,0,0,0,0.0,0,0,0,0,0,0.0,3,1261,0.116,0.1035,0.0003125,196000000.0,0,0,0,0,0,0.0,0,0,0,0,0,0.0,0,0,0.0,0.0,0,0.0,2,96,0.095,0.095,0.0,0.0,14,10052,0.04,0.0175384615385,0.000271769230769,8214285.71429,0,0,0,0,0,0.0,0,0,0,0,0,0.0,0,0,0,0,0,0.0,1,71,0.0,0.0,0.0,0.0,0,0,0,0,0,0.0,0,0,0,0,0,0.0,0,0,0,0,0,0.0,0,0,0,0,0,0.0,0,0,0,0,0,0.0,0,0,0,0,0,0.0,0,0,0,0,0,0.0,0,0,0.0,0.0,0,0.0,1,72,0.0,0.0,0.0,0.0,0,0,0,0,0,0.0,0,0,0,0,0,0.0,0,0,0,0,0,0.0,0,0,0,0,0,0.0,0,0,0,0,0,0.0,0,0,0,0,0,0.0,0,0,0,0,0,0.0,0,0,0,0,0,0.0,1,20,0.0,0.0,0.0,8000000.0,1,668,0.0,0.0,0,0.0,0,0,0,0,0,0.0,0,0,0,0,0,0.0,0,0,0,0,0,0.0,0,0,0,0,0,0.0,0,0,0,0,0,0.0,0,0,0,0,0,0.0,0,0,0,0,0,0.0,0,0,0,0,0,0.0,1,20,0.0,0.0,0.0,0.0,0,0,0,0,0,0.0,0,0,0,0,0,0.0,2,13050,0.123,0.123,0.0,42500000.0,0,0,0,0,0,0.0,0,0,0,0,0,0.0,0,0,0,0,0,0.0,0,0,0,0,0,0.0,0,0,0,0,0,0.0,0,0,0,0,0,0.0,2,17728,0.116,0.116,0.0,15000000.0,0,0,0,0,0,0.0,0,0,0,0,0,0.0,0,0,0,0,0,0.0,0,0,0,0,0,0.0,2,142,0.121,0.121,0.0,40500000.0,0,0,0,0,0,0.0,0,0,0,0,0,0.0,0,0,0,0,0,0.0,0,0,0,0,0,0.0,0,0,0,0,0,0.0,0,0,0,0,0,0.0,2,303,0.123,0.123,0.0,73500000.0,0,0,0,0,0,0.0,0,0,0,0,0,0.0,10,1913,0.0,0.0,0.0,0.0,1,20,0.0,0.0,0,0.0,1,20,0.0,0.0,0,9000000.0,13,3133,0.038,0.0201666666667,0.000110515151515,3461538.46154,1,20,0.0,0.0,0,2000000.0,1,20,0.0,0.0,0,1000000.0,0,0,0,0,0,0.0,3,1089,0.11,0.1035,8.45e-05,3333333.33333,3,16194,0.109,0.1035,6.05e-05,3000000.0,3,40218,0.109,0.1035,6.05e-05,3000000.0,0,0,0,0,0,0.0,3,225,0.109,0.1035,6.05e-05,3000000.0,11,1535,0.062,0.0226,0.000351155555556,0.0,48,45566,0.03,0.00514893617021,6.79555966697e-05,0.0,0,0,-3.57045510224e-06,3.92392614259e-05,-2.29262268929e-05,-1.17254203269,-1.34581475137e-05,1.37890538203,-0.00037867717104,-0.000895304093155,4.12344817997e-05,4.78823401568e-05,5.7189546423e-05,-4.0187893723e-05,4.98828954498e-06,0.0,0.0,0.0,0.0,0.0,0.0,0.0,0.0,0.0,0.0,0.0,0.0,0.0,-0.000332428344277,0.0122177722984,-1.78974830135e-05,-0.109659476986,8.65677810464e-05,0.137242429144,-0.00822365382944,-0.010656276437,0.00995840206181,0.0184931747984,0.0418212852787,-0.0401329073983,-9.21585341385e-05,0,0,0,0,9223372036854775807,0,9223372036854775807,0,9223372036854775807,0,9223372036854775807,0,9223372036854775807,0,9223372036854775807,6.0,11.1000003815,0.0,6.22000007629,5.69578799911,10469376.0,10469376.0,10469376.0,0.0,486219776.0,486219776.0,486219776.0,0.0,0.0,0.0,9.22337203685e+18,0.0,9.22337203685e+18,0.0,9.22337203685e+18,0.0,9.22337203685e+18,0.0,9.22337203685e+18,0.0,9.22337203685e+18,0.0,0.0,9.22337203685e+18,0.0,9.22337203685e+18,0.0,9.22337203685e+18,0.0,9.22337203685e+18,0.0,9.22337203685e+18,0.0,9.22337203685e+18,0,0,9223372036854775807,0,9223372036854775807,0,9223372036854775807,0,9223372036854775807,0,9223372036854775807,0,9223372036854775807,0,9223372036854775807,0,9223372036854775807,0,9223372036854775807,0,9223372036854775807,0,9223372036854775807,0,9223372036854775807,0,9223372036854775807,0,9223372036854775807,0,9223372036854775807,0,9223372036854775807,0,9223372036854775807,0,9223372036854775807,0,9223372036854775807,0,9223372036854775807,0,9223372036854775807,0,9223372036854775807,0,0,0,0,9223372036854775807,9223372036854775807,9223372036854775807,0,0,0,0,1,0,51,0,0,0,0,0,0,0,0,0,0,0,0,0,0,0,0,0,0,0,0,0,0,0,0,0,0,0,1,0,51,0,0,0,0,0,0,1,0,14,0,0,0,0,0,0,0,0,0,0,0,0,0,0,0,0,0,0,0,0,0,0,0,0,0,0,0,2,0,21,0,0,0,0,0,0,0,0,0,0,0,0,0,0,0,0,0,0,0,0,0,0,0,0,0,0,0,0,0,0,0,0,0,0,0,0,0,0,0,0,0,0,0,0,0,0,0,0,0,0,0,0,0,0,0,0,0,0,0,0,0,0,0,0,0,0,0,0,0,0,0,0,0,0,0,0,0,0,0,0,0,0,0,0,0,0,0,0,0,0,0,0,0,0,0,0,0,0,0,0,0,0,0,0,0,0,0,0,0,0,0,0,0,0,0,0,0,0,0,0,0,0,0,0,0,0,0,0,0,0,0,0,0,0,0,0,0,0,0,0,0,0,0,0,0,0,0,0,0,0,0,0,0,0,0,0,0,0,0,0,0,0,0,0,0,0,0,0,0,0,0,1,0,42,0,0,0,0,0,0,1,0,50,0,0,0,1,0,5,0,0,0,0,0,0,3,0,33,0,0,0,0,0,0,0,0,0,0,0,0,0,0,0
1,20,0.0,0.0,0.0,1000000.0,14,7532,0.058,0.0186153846154,0.000364923076923,4785714.28571,257,2056,0.005,0.00094140625,1.00439644608e-06,0.0,3,144,0.1,0.0935,8.45e-05,0.0,0,0,0,0,0,0.0,1,20,0.0,0.0,0.0,0.0,257,155485,0.061,0.0009140625,4.59376838235e-05,0.0,0,0,0,0,0,0.0,0,0,0,0,0,0.0,1,20,0.0,0.0,0.0,8000000.0,0,0,0.0,0.0,0,0.0,11,6490,0.058,0.0183,0.000424677777778,14454545.4545,0,0,0,0,0,0.0,0,0,0,0,0,0.0,4,1492,0.083,0.0276666666667,0.00229633333333,190500000.0,2,18781,0.089,0.089,0.0,193500000.0,0,0,0,0,0,0.0,0,0,0,0,0,0.0,0,0,0,0,0,0.0,0,0,0,0,0,0.0,2,265,0.099,0.099,0.0,227500000.0,0,0,0,0,0,0.0,0,0,0,0,0,0.0,0,0,0.0,0.0,0,0.0,3,144,0.111,0.1055,6.05e-05,0.0,12,8616,0.056,0.0208181818182,0.000530763636364,9666666.66667,0,0,0,0,0,0.0,0,0,0,0,0,0.0,0,0,0,0,0,0.0,2,142,0.201,0.201,0.0,-500000.0,0,0,0,0,0,0.0,0,0,0,0,0,0.0,0,0,0,0,0,0.0,0,0,0,0,0,0.0,0,0,0,0,0,0.0,0,0,0,0,0,0.0,0,0,0,0,0,0.0,1,940,0.0,0.0,0,20000000.0,2,144,0.18,0.18,0.0,10000000.0,0,0,0,0,0,0.0,0,0,0,0,0,0.0,0,0,0,0,0,0.0,0,0,0,0,0,0.0,0,0,0,0,0,0.0,0,0,0,0,0,0.0,0,0,0,0,0,0.0,0,0,0,0,0,0.0,1,20,0.0,0.0,0.0,0.0,1,668,0.0,0.0,0,0.0,0,0,0,0,0,0.0,0,0,0,0,0,0.0,0,0,0,0,0,0.0,0,0,0,0,0,0.0,0,0,0,0,0,0.0,0,0,0,0,0,0.0,0,0,0,0,0,0.0,0,0,0,0,0,0.0,2,40,0.178,0.178,0.0,11000000.0,0,0,0,0,0,0.0,0,0,0,0,0,0.0,2,13050,0.12,0.12,0.0,49000000.0,0,0,0,0,0,0.0,0,0,0,0,0,0.0,0,0,0,0,0,0.0,0,0,0,0,0,0.0,0,0,0,0,0,0.0,0,0,0,0,0,0.0,2,17728,0.089,0.089,0.0,20500000.0,0,0,0,0,0,0.0,0,0,0,0,0,0.0,0,0,0,0,0,0.0,0,0,0,0,0,0.0,2,142,0.106,0.106,0.0,39000000.0,0,0,0,0,0,0.0,0,0,0,0,0,0.0,0,0,0,0,0,0.0,0,0,0,0,0,0.0,0,0,0,0,0,0.0,0,0,0,0,0,0.0,2,346,0.089,0.089,0.0,70500000.0,0,0,0,0,0,0.0,0,0,0,0,0,0.0,0,0,0.0,0.0,0.0,0.0,1,20,0.0,0.0,0,9000000.0,2,40,0.197,0.197,0,0.0,12,2892,0.033,0.0185454545455,0.000105672727273,5750000.0,1,20,0.0,0.0,0,2000000.0,1,20,0.0,0.0,0,9000000.0,0,0,0,0,0,0.0,2,726,0.097,0.097,0.0,13500000.0,2,10796,0.091,0.091,0.0,-10500000.0,2,26812,0.091,0.091,0.0,-10500000.0,0,0,0,0,0,0.0,2,150,0.091,0.091,0.0,-10500000.0,9,1315,0.095,0.022,0.00106228571429,0.0,43,42631,0.03,0.00485714285714,7.7149825784e-05,0.0,0,0,-4.38113194434e-06,4.86338799517e-05,3.95377670275e-05,-1.19322960646,-1.35044082548e-05,1.40721996759,-0.000373111078303,-0.000895323833556,4.1588158834e-05,4.75111507825e-05,5.87536559875e-05,-4.15947840409e-05,4.93280940628e-06,0.0,0.0,0.0,0.0,0.0,0.0,0.0,0.0,0.0,0.0,0.0,0.0,0.0,-0.00180066884168,0.010156197177,-1.82874707332e-05,-0.0902984465936,9.96205404175e-05,0.128710668187,-0.00383535133835,-0.00787503393428,0.00973760157842,0.0184233242261,0.0427013161363,-0.0415877689947,-3.13300158879e-05,0,0,0,0,9223372036854775807,0,9223372036854775807,0,9223372036854775807,0,9223372036854775807,0,9223372036854775807,0,9223372036854775807,0.0,0.0,9.22337203685e+18,0.0,9.22337203685e+18,0.0,9.22337203685e+18,0.0,9.22337203685e+18,0.0,9.22337203685e+18,0.0,9.22337203685e+18,0.0,0.0,9.22337203685e+18,0.0,9.22337203685e+18,0.0,9.22337203685e+18,0.0,9.22337203685e+18,0.0,9.22337203685e+18,0.0,9.22337203685e+18,0.0,0.0,9.22337203685e+18,0.0,9.22337203685e+18,0.0,9.22337203685e+18,0.0,9.22337203685e+18,0.0,9.22337203685e+18,0.0,9.22337203685e+18,0,0,9223372036854775807,0,9223372036854775807,0,9223372036854775807,0,9223372036854775807,0,9223372036854775807,0,9223372036854775807,0,9223372036854775807,0,9223372036854775807,0,9223372036854775807,0,9223372036854775807,0,9223372036854775807,0,9223372036854775807,0,9223372036854775807,0,9223372036854775807,0,9223372036854775807,0,9223372036854775807,0,9223372036854775807,0,9223372036854775807,0,9223372036854775807,0,9223372036854775807,0,9223372036854775807,0,9223372036854775807,0,0,0,0,9223372036854775807,9223372036854775807,9223372036854775807,0,0,0,0,0,0,0,0,0,0,0,0,0,0,0,0,0,0,0,0,0,0,0,0,0,0,0,0,1,0,5,0,0,0,0,0,0,0,0,0,0,0,0,0,0,0,0,0,0,0,0,0,0,0,0,0,0,0,0,0,0,0,0,0,0,0,0,0,0,0,0,0,0,0,0,0,1,0,51,0,0,0,0,0,0,0,0,0,0,0,0,0,0,0,0,0,0,0,0,0,0,0,0,0,0,0,0,0,0,0,0,0,1,0,3,1,0,6,0,0,0,0,0,0,0,0,0,0,0,0,0,0,0,0,0,0,0,0,0,0,0,0,0,0,0,0,0,0,0,0,0,0,0,0,0,0,0,0,0,0,0,0,0,0,0,0,0,0,0,0,0,0,1,0,6,0,0,0,0,0,0,0,0,0,0,0,0,0,0,0,0,0,0,0,0,0,0,0,0,0,0,0,0,0,0,0,0,0,0,0,0,0,0,0,0,0,0,0,0,0,0,0,0,0,0,0,0,0,0,0,0,0,0,0,0,0,0,0,0,0,0,0,0,0,0,0,0,0,0,0,0,0,0,0,0,0,0,0,0,1,0,6,0,0,0,0,0,0,1,0,10,1,0,11,0,0,0,0,0,0,0,0,0,0,0,0,0,0,0
1,20,0.0,0.0,0.0,17000000.0,12,6456,0.067,0.0196363636364,0.000530054545455,6166666.66667,243,1944,0.015,0.0010041322314,3.46471314427e-06,0.0,2,96,0.082,0.082,0.0,0.0,1,574,0,0,0,-3000000.0,1,20,0.0,0.0,0.0,13000000.0,261,157905,0.068,0.000834615384615,3.24706118206e-05,0.0,0,0,0,0,0,0.0,0,0,0,0,0,0.0,1,20,0.0,0.0,0.0,-1000000.0,1,326,0.0,0.0,0,0.0,12,7080,0.043,0.0197272727273,0.000262618181818,22833333.3333,0,0,0,0,0,0.0,0,0,0,0,0,0.0,6,2238,0.094,0.032,0.002018,174000000.0,3,28180,0.094,0.083,0.000242,176000000.0,0,0,0,0,0,0.0,0,0,0,0,0,0.0,0,0,0,0,0,0.0,0,0,0,0,0,0.0,3,400,0.083,0.0765,8.45e-05,206666666.667,0,0,0,0,0,0.0,0,0,0,0,0,0.0,0,0,0.0,0.0,0,0.0,2,96,0.101,0.101,0.0,0.0,13,9334,0.039,0.01825,0.000238568181818,10230769.2308,0,0,0,0,0,0.0,0,0,0,0,0,0.0,0,0,0,0,0,0.0,1,71,0.0,0.0,0.0,0.0,0,0,0,0,0,0.0,0,0,0,0,0,0.0,0,0,0,0,0,0.0,0,0,0,0,0,0.0,0,0,0,0,0,0.0,0,0,0,0,0,0.0,0,0,0,0,0,0.0,1,940,0.0,0.0,0,-4000000.0,1,72,0.0,0.0,0.0,-4000000.0,0,0,0,0,0,0.0,0,0,0,0,0,0.0,0,0,0,0,0,0.0,0,0,0,0,0,0.0,0,0,0,0,0,0.0,0,0,0,0,0,0.0,0,0,0,0,0,0.0,0,0,0,0,0,0.0,1,20,0.0,0.0,0.0,17000000.0,1,668,0.0,0.0,0,0.0,0,0,0,0,0,0.0,0,0,0,0,0,0.0,0,0,0,0,0,0.0,0,0,0,0,0,0.0,0,0,0,0,0,0.0,0,0,0,0,0,0.0,0,0,0,0,0,0.0,0,0,0,0,0,0.0,1,20,0.0,0.0,0.0,-13000000.0,0,0,0,0,0,0.0,0,0,0,0,0,0.0,2,13050,0.095,0.095,0.0,47500000.0,0,0,0,0,0,0.0,0,0,0,0,0,0.0,0,0,0,0,0,0.0,0,0,0,0,0,0.0,0,0,0,0,0,0.0,0,0,0,0,0,0.0,3,26592,0.115,0.1025,0.0003125,19333333.3333,0,0,0,0,0,0.0,0,0,0,0,0,0.0,0,0,0,0,0,0.0,0,0,0,0,0,0.0,2,142,0.117,0.117,0.0,36500000.0,0,0,0,0,0,0.0,0,0,0,0,0,0.0,0,0,0,0,0,0.0,0,0,0,0,0,0.0,0,0,0,0,0,0.0,0,0,0,0,0,0.0,2,307,0.12,0.12,0.0,65000000.0,0,0,0,0,0,0.0,0,0,0,0,0,0.0,10,1913,0.0,0.0,0.0,0.0,1,20,0.0,0.0,0,0.0,1,20,0.0,0.0,0,-1000000.0,12,2892,0.043,0.0205454545455,0.000145072727273,5166666.66667,2,40,0.183,0.183,0,9000000.0,1,20,0.0,0.0,0,0.0,0,0,0,0,0,0.0,2,726,0.093,0.093,0.0,7000000.0,3,16194,0.098,0.0955,1.25e-05,5333333.33333,3,40218,0.098,0.0955,1.25e-05,5333333.33333,0,0,0,0,0,0.0,3,225,0.098,0.0955,1.25e-05,5333333.33333,13,2081,0.089,0.0191666666667,0.000749242424242,0.0,45,45281,0.031,0.00513636363636,7.03065539112e-05,0.0,0,0,-3.34411083447e-06,4.09180774525e-05,3.94541025415e-05,-1.21588367153,-1.34781299215e-05,1.43839463511,-0.000377234597326,-0.000894100508236,4.12418994138e-05,4.77270354269e-05,5.74226502055e-05,-4.00831782326e-05,4.96373714309e-06,0.0,0.0,0.0,0.0,0.0,0.0,0.0,0.0,0.0,0.0,0.0,0.0,0.0,-0.000336786893263,0.0115478821372,-1.78919773843e-05,-0.109324758909,8.76870959203e-05,0.137438941025,-0.00776419328809,-0.0102027057634,0.00988879058776,0.0184035458645,0.0416058502652,-0.0401646369114,-8.70702475089e-05,0,0,0,0,9223372036854775807,0,9223372036854775807,0,9223372036854775807,0,9223372036854775807,0,9223372036854775807,0,9223372036854775807,6.0,10.3000001907,0.0,5.74000015259,5.29745236039,10469376.0,10469376.0,10469376.0,0.0,486219776.0,486219776.0,486219776.0,0.0,0.0,0.0,9.22337203685e+18,0.0,9.22337203685e+18,0.0,9.22337203685e+18,0.0,9.22337203685e+18,0.0,9.22337203685e+18,0.0,9.22337203685e+18,0.0,0.0,9.22337203685e+18,0.0,9.22337203685e+18,0.0,9.22337203685e+18,0.0,9.22337203685e+18,0.0,9.22337203685e+18,0.0,9.22337203685e+18,0,0,9223372036854775807,0,9223372036854775807,0,9223372036854775807,0,9223372036854775807,0,9223372036854775807,0,9223372036854775807,0,9223372036854775807,0,9223372036854775807,0,9223372036854775807,0,9223372036854775807,0,9223372036854775807,0,9223372036854775807,0,9223372036854775807,0,9223372036854775807,0,9223372036854775807,0,9223372036854775807,0,9223372036854775807,0,9223372036854775807,0,9223372036854775807,0,9223372036854775807,0,9223372036854775807,0,9223372036854775807,0,0,0,0,9223372036854775807,9223372036854775807,9223372036854775807,0,0,0,0,0,0,0,0,0,0,0,0,0,0,0,0,1,0,6,0,0,0,0,0,0,0,0,0,0,0,0,1,0,3,0,0,0,0,0,0,0,0,0,0,0,0,1,0,10,0,0,0,0,0,0,0,0,0,0,0,0,1,0,10,0,0,0,0,0,0,0,0,0,0,0,0,1,0,41,0,0,0,0,0,0,0,0,0,0,0,0,0,0,0,0,0,0,0,0,0,0,0,0,0,0,0,0,0,0,0,0,0,0,0,0,0,0,0,0,0,0,0,0,0,0,0,0,0,0,0,0,0,0,0,0,0,0,0,0,0,0,0,0,0,0,1,0,4,0,0,0,0,0,0,0,0,0,0,0,0,0,0,0,0,0,0,0,0,0,0,0,0,0,0,0,0,0,0,0,0,0,1,0,9,0,0,0,0,0,0,0,0,0,0,0,0,0,0,0,0,0,0,1,0,9,0,0,0,0,0,0,0,0,0,0,0,0,1,0,9,0,0,0,0,0,0,0,0,0,0,0,0,0,0,0,0,0,0,1,0,9,0,0,0,0,0,0,0,0,0,0,0,0,1,0,6,0,0,0,0,0,0,0,0,0,0,0,0,0,0,0,0,0,0,1,0,10,0,0,0,1,0,10,0,0,0,0,0,0
2,40,0.2,0.2,0.0,0.0,12,6456,0.071,0.0177272727273,0.000500818181818,4416666.66667,252,2016,0.04,0.000996015936255,7.11598406375e-06,0.0,3,144,0.1,0.1,0.0,0.0,0,0,0,0,0,0.0,1,20,0.0,0.0,0.0,15000000.0,229,138545,0.039,0.000828947368421,2.6292198006e-05,0.0,0,0,0,0,0,0.0,0,0,0,0,0,0.0,1,20,0.0,0.0,0.0,1000000.0,0,0,0.0,0.0,0,0.0,14,8260,0.067,0.0178461538462,0.000476141025641,13357142.8571,0,0,0,0,0,0.0,0,0,0,0,0,0.0,2,746,0.0,0.0,0.0,155000000.0,3,28146,0.097,0.093,3.2e-05,154666666.667,0,0,0,0,0,0.0,0,0,0,0,0,0.0,0,0,0,0,0,0.0,0,0,0,0,0,0.0,2,253,0.064,0.064,0.0,172000000.0,0,0,0,0,0,0.0,0,0,0,0,0,0.0,0,0,0.0,0.0,0,0.0,3,144,0.1,0.0995,5.00000000001e-07,0.0,11,7898,0.071,0.0185,0.000543833333333,7545454.54545,0,0,0,0,0,0.0,0,0,0,0,0,0.0,0,0,0,0,0,0.0,1,71,0.0,0.0,0.0,-6000000.0,0,0,0,0,0,0.0,0,0,0,0,0,0.0,0,0,0,0,0,0.0,0,0,0,0,0,0.0,0,0,0,0,0,0.0,0,0,0,0,0,0.0,0,0,0,0,0,0.0,0,0,0.0,0.0,0,0.0,1,72,0.0,0.0,0.0,0.0,0,0,0,0,0,0.0,0,0,0,0,0,0.0,0,0,0,0,0,0.0,0,0,0,0,0,0.0,0,0,0,0,0,0.0,0,0,0,0,0,0.0,0,0,0,0,0,0.0,0,0,0,0,0,0.0,2,40,0.2,0.2,0.0,0.0,1,668,0.0,0.0,0,0.0,0,0,0,0,0,0.0,0,0,0,0,0,0.0,0,0,0,0,0,0.0,0,0,0,0,0,0.0,0,0,0,0,0,0.0,0,0,0,0,0,0.0,0,0,0,0,0,0.0,0,0,0,0,0,0.0,1,20,0.0,0.0,0.0,0.0,0,0,0,0,0,0.0,0,0,0,0,0,0.0,3,19575,0.126,0.1205,6.05e-05,44666666.6667,0,0,0,0,0,0.0,0,0,0,0,0,0.0,0,0,0,0,0,0.0,0,0,0,0,0,0.0,0,0,0,0,0,0.0,0,0,0,0,0,0.0,2,17728,0.113,0.113,0.0,12000000.0,0,0,0,0,0,0.0,0,0,0,0,0,0.0,0,0,0,0,0,0.0,0,0,0,0,0,0.0,3,213,0.114,0.1135,5.00000000001e-07,39333333.3333,0,0,0,0,0,0.0,0,0,0,0,0,0.0,0,0,0,0,0,0.0,0,0,0,0,0,0.0,0,0,0,0,0,0.0,0,0,0,0,0,0.0,2,328,0.121,0.121,0.0,67500000.0,0,0,0,0,0,0.0,0,0,0,0,0,0.0,0,0,0.0,0.0,0.0,0.0,2,40,0.2,0.2,0,500000.0,1,20,0.0,0.0,0,10000000.0,13,3133,0.039,0.0200833333333,0.000144083333333,5384615.38462,1,20,0.0,0.0,0,15000000.0,2,40,0.198,0.198,0,1000000.0,0,0,0,0,0,0.0,3,1089,0.097,0.0965,5.00000000001e-07,7333333.33333,2,10796,0.096,0.096,0.0,4500000.0,2,26812,0.096,0.096,0.0,4500000.0,0,0,0,0,0,0.0,2,150,0.096,0.096,0.0,4500000.0,6,873,0.059,0.0156,0.0005968,0.0,51,51457,0.039,0.00486,8.32248979592e-05,0.0,0,0,-3.05473910078e-06,-3.84393470503e-05,-2.05278213414e-05,-1.2424025094,-1.3489512118e-05,1.47512648434,-0.000373713725411,-0.0008939504606,4.13072996626e-05,4.726135389e-05,5.99132454324e-05,-4.17275795723e-05,4.84637776399e-06,0.0,0.0,0.0,0.0,0.0,0.0,0.0,0.0,0.0,0.0,0.0,0.0,0.0,-0.000529778847547,0.00772727266847,-1.75784212692e-05,-0.090840035232,9.29474959631e-05,0.128684047546,-0.00138165943584,-0.00603588034238,0.00978384169367,0.0183433999105,0.0431752485246,-0.0418960296261,1.95799416268e-05,0,0,0,0,9223372036854775807,0,9223372036854775807,0,9223372036854775807,0,9223372036854775807,0,9223372036854775807,0,9223372036854775807,0.0,0.0,9.22337203685e+18,0.0,9.22337203685e+18,0.0,9.22337203685e+18,0.0,9.22337203685e+18,0.0,9.22337203685e+18,0.0,9.22337203685e+18,0.0,0.0,9.22337203685e+18,0.0,9.22337203685e+18,0.0,9.22337203685e+18,0.0,9.22337203685e+18,0.0,9.22337203685e+18,0.0,9.22337203685e+18,0.0,0.0,9.22337203685e+18,0.0,9.22337203685e+18,0.0,9.22337203685e+18,0.0,9.22337203685e+18,0.0,9.22337203685e+18,0.0,9.22337203685e+18,0,0,9223372036854775807,0,9223372036854775807,0,9223372036854775807,0,9223372036854775807,0,9223372036854775807,0,9223372036854775807,0,9223372036854775807,0,9223372036854775807,0,9223372036854775807,0,9223372036854775807,0,9223372036854775807,0,9223372036854775807,0,9223372036854775807,0,9223372036854775807,0,9223372036854775807,0,9223372036854775807,0,9223372036854775807,0,9223372036854775807,0,9223372036854775807,0,9223372036854775807,0,9223372036854775807,0,9223372036854775807,0,0,0,0,9223372036854775807,9223372036854775807,9223372036854775807,0,1,0,6,0,0,0,0,0,0,0,0,0,0,0,0,0,0,0,0,0,0,0,0,0,0,0,0,0,0,0,0,0,0,2,2,102,0,0,0,0,0,0,0,0,0,0,0,0,0,0,0,0,0,0,0,0,0,0,0,0,0,0,0,0,0,0,0,0,0,0,0,0,0,0,0,0,0,0,0,0,0,0,0,0,0,0,0,1,0,6,0,0,0,0,0,0,0,0,0,0,0,0,0,0,0,0,0,0,0,0,0,0,0,0,0,0,0,0,0,0,0,0,0,0,0,0,0,0,0,0,0,0,0,0,0,0,0,0,0,0,0,1,0,6,0,0,0,0,0,0,0,0,0,0,0,0,0,0,0,0,0,0,0,0,0,0,0,0,0,0,0,0,0,0,0,0,0,0,0,0,0,0,0,0,0,0,0,0,0,0,0,0,0,0,0,0,0,0,0,0,0,0,0,0,0,0,0,0,0,0,0,0,0,0,0,0,0,0,0,0,0,0,0,0,0,0,0,0,0,0,0,0,0,0,0,0,0,0,0,0,0,0,0,0,0,0,0,0,0,0,0,0,0,0,0,1,0,51,0,0,0,0,0,0,0,0,0,0,0,0,0,0,0,0,0,0,0,0,0,0,0,0,0,0,0,0,0,0
1,20,0.0,0.0,0.0,0.0,13,6994,0.064,0.0181666666667,0.000474151515152,2923076.92308,251,2008,0.027,0.001,3.58232931727e-06,0.0,2,96,0.101,0.101,0.0,0.0,0,0,0,0,0,0.0,2,40,0.201,0.201,0.0,15500000.0,241,145805,0.045,0.000891666666667,3.17873779637e-05,0.0,0,0,0,0,0,0.0,0,0,0,0,0,0.0,1,20,0.0,0.0,0.0,0.0,1,326,0.0,0.0,0,0.0,13,7670,0.06,0.02025,0.000499659090909,15307692.3077,0,0,0,0,0,0.0,0,0,0,0,0,0.0,2,746,0.0,0.0,0.0,158000000.0,2,18877,0.149,0.149,0.0,187500000.0,0,0,0,0,0,0.0,0,0,0,0,0,0.0,0,0,0,0,0,0.0,0,0,0,0,0,0.0,2,278,0.106,0.106,0.0,210000000.0,0,0,0,0,0,0.0,0,0,0,0,0,0.0,0,0,0.0,0.0,0,0.0,2,96,0.1,0.1,0.0,0.0,13,9334,0.061,0.0181666666667,0.000491787878788,4692307.69231,0,0,0,0,0,0.0,0,0,0,0,0,0.0,0,0,0,0,0,0.0,1,71,0.0,0.0,0.0,-7000000.0,0,0,0,0,0,0.0,0,0,0,0,0,0.0,0,0,0,0,0,0.0,0,0,0,0,0,0.0,0,0,0,0,0,0.0,0,0,0,0,0,0.0,0,0,0,0,0,0.0,1,940,0.0,0.0,0,0.0,1,72,0.0,0.0,0.0,0.0,0,0,0,0,0,0.0,0,0,0,0,0,0.0,0,0,0,0,0,0.0,0,0,0,0,0,0.0,0,0,0,0,0,0.0,0,0,0,0,0,0.0,0,0,0,0,0,0.0,0,0,0,0,0,0.0,1,20,0.0,0.0,0.0,0.0,1,668,0.0,0.0,0,0.0,0,0,0,0,0,0.0,0,0,0,0,0,0.0,0,0,0,0,0,0.0,0,0,0,0,0,0.0,0,0,0,0,0,0.0,0,0,0,0,0,0.0,0,0,0,0,0,0.0,0,0,0,0,0,0.0,1,20,0.0,0.0,0.0,0.0,0,0,0,0,0,0.0,0,0,0,0,0,0.0,2,13050,0.155,0.155,0.0,54500000.0,0,0,0,0,0,0.0,0,0,0,0,0,0.0,0,0,0,0,0,0.0,0,0,0,0,0,0.0,0,0,0,0,0,0.0,0,0,0,0,0,0.0,2,17728,0.147,0.147,0.0,21500000.0,0,0,0,0,0,0.0,0,0,0,0,0,0.0,0,0,0,0,0,0.0,0,0,0,0,0,0.0,2,142,0.155,0.155,0.0,54500000.0,0,0,0,0,0,0.0,0,0,0,0,0,0.0,0,0,0,0,0,0.0,0,0,0,0,0,0.0,0,0,0,0,0,0.0,0,0,0,0,0,0.0,2,347,0.147,0.147,0.0,79000000.0,0,0,0,0,0,0.0,0,0,0,0,0,0.0,19,3616,0.0,0.0,0.0,0.0,1,20,0.0,0.0,0,5000000.0,1,20,0.0,0.0,0,0.0,13,3133,0.06,0.01975,0.000458568181818,4692307.69231,1,20,0.0,0.0,0,18000000.0,1,20,0.0,0.0,0,5000000.0,0,0,0,0,0,0.0,2,726,0.11,0.11,0.0,9500000.0,2,10796,0.102,0.102,0.0,4500000.0,2,26812,0.101,0.101,0.0,5000000.0,0,0,0,0,0,0.0,2,150,0.101,0.101,0.0,5000000.0,20,2766,0.057,0.00678947368421,0.000186953216374,0.0,48,48987,0.057,0.00514893617021,0.000122346901018,0.0,0,0,-3.46273944185e-06,2.36080369751e-05,2.04362453013e-05,-1.26520132584,-1.34762937485e-05,1.50712236585,-0.000373301649473,-0.000894759930883,4.15515672234e-05,4.76127257087e-05,5.77367745169e-05,-4.18907778461e-05,4.99758812555e-06,0.0,0.0,0.0,0.0,0.0,0.0,0.0,0.0,0.0,0.0,0.0,0.0,0.0,-0.00071470992931,0.0116695461205,-1.87981212264e-05,-0.085971507192,0.000108073240093,0.133675491003,-0.00303717803699,-0.00894673558997,0.00978581381708,0.0184220126306,0.0423754507468,-0.0417777360071,-2.04423614983e-05,0,0,0,0,9223372036854775807,0,9223372036854775807,0,9223372036854775807,0,9223372036854775807,0,9223372036854775807,0,9223372036854775807,6.0,10.3999996185,0.0,4.05999984741,5.56219360296,10469376.0,10469376.0,10469376.0,0.0,486219776.0,486219776.0,486219776.0,0.0,6.0,10.5,0.0,8.14000015259,4.55774074933,15544320.0,15544320.0,15544320.0,0.0,472285184.0,472285184.0,472285184.0,0.0,11.0,20.5,10.3000001907,14.0799999237,5.12074188751,69513216.0,65462272.0,66272460.8,1811637.23141,962531328.0,962531328.0,962531328.0,0.0,0,0,9223372036854775807,0,9223372036854775807,0,9223372036854775807,0,9223372036854775807,0,9223372036854775807,0,9223372036854775807,0,9223372036854775807,0,9223372036854775807,0,9223372036854775807,0,9223372036854775807,0,9223372036854775807,0,9223372036854775807,0,9223372036854775807,0,9223372036854775807,0,9223372036854775807,0,9223372036854775807,0,9223372036854775807,0,9223372036854775807,0,9223372036854775807,0,9223372036854775807,0,9223372036854775807,0,9223372036854775807,0,0,0,0,9223372036854775807,9223372036854775807,9223372036854775807,0,1,0,6,1,0,50,0,0,0,2,0,22,0,0,0,0,0,0,0,0,0,0,0,0,0,0,0,1,0,6,0,0,0,0,0,0,0,0,0,0,0,0,1,0,16,0,0,0,0,0,0,0,0,0,0,0,0,0,0,0,0,0,0,0,0,0,0,0,0,0,0,0,2,0,21,0,0,0,0,0,0,0,0,0,0,0,0,0,0,0,0,0,0,0,0,0,0,0,0,0,0,0,0,0,0,0,0,0,0,0,0,0,0,0,0,0,0,0,0,0,0,0,0,0,0,0,0,0,0,0,0,0,0,0,0,0,0,0,0,0,0,1,0,6,0,0,0,0,0,0,0,0,0,0,0,0,0,0,0,0,0,0,0,0,0,0,0,0,0,0,0,0,0,0,0,0,0,0,0,0,0,0,0,0,0,0,0,0,0,0,0,0,0,0,0,0,0,0,0,0,0,0,0,0,0,0,0,0,0,0,0,0,0,0,0,0,0,0,0,0,0,0,0,0,0,0,0,0,0,0,0,0,0,0,0,0,0,0,0,0,0,0,0,0,0,0,0,0,0,1,0,6,0,0,0,1,0,51,0,0,0,1,0,5,0,0,0,0,0,0,3,0,30,0,0,0,0,0,0,0,0,0,0,0,0,5,0,1600
1,20,0.0,0.0,0.0,0.0,13,6994,0.077,0.0195,0.000637,-2461538.46154,261,2088,0.02,0.00095,2.44150579151e-06,0.0,3,144,0.1,0.074,0.001352,0.0,0,0,0,0,0,0.0,1,20,0.0,0.0,0.0,13000000.0,295,178475,0.071,0.000785714285714,3.92337883959e-05,0.0,0,0,0,0,0,0.0,0,0,0,0,0,0.0,2,40,0.193,0.193,0.0,3000000.0,1,278,0.0,0.0,0,0.0,13,7670,0.043,0.0139166666667,0.000208810606061,22230769.2308,0,0,0,0,0,0.0,0,0,0,0,0,0.0,4,1492,0.076,0.0253333333333,0.00192533333333,172000000.0,3,28202,0.091,0.0835,0.0001125,166333333.333,0,0,0,0,0,0.0,0,0,0,0,0,0.0,0,0,0,0,0,0.0,0,0,0,0,0,0.0,3,406,0.107,0.094,0.000338,207333333.333,0,0,0,0,0,0.0,0,0,0,0,0,0.0,0,0,0.0,0.0,0,0.0,3,144,0.112,0.106,7.2e-05,0.0,13,9334,0.074,0.0191666666667,0.000669787878788,-5076923.07692,0,0,0,0,0,0.0,0,0,0,0,0,0.0,0,0,0,0,0,0.0,2,142,0.231,0.231,0.0,-14000000.0,0,0,0,0,0,0.0,0,0,0,0,0,0.0,0,0,0,0,0,0.0,0,0,0,0,0,0.0,0,0,0,0,0,0.0,0,0,0,0,0,0.0,0,0,0,0,0,0.0,1,940,0.0,0.0,0,0.0,2,144,0.143,0.143,0.0,29500000.0,0,0,0,0,0,0.0,0,0,0,0,0,0.0,0,0,0,0,0,0.0,0,0,0,0,0,0.0,0,0,0,0,0,0.0,0,0,0,0,0,0.0,0,0,0,0,0,0.0,0,0,0,0,0,0.0,1,20,0.0,0.0,0.0,0.0,1,668,0.0,0.0,0,0.0,0,0,0,0,0,0.0,0,0,0,0,0,0.0,0,0,0,0,0,0.0,0,0,0,0,0,0.0,0,0,0,0,0,0.0,0,0,0,0,0,0.0,0,0,0,0,0,0.0,0,0,0,0,0,0.0,2,40,0.138,0.138,0.0,31000000.0,0,0,0,0,0,0.0,0,0,0,0,0,0.0,2,13050,0.099,0.099,0.0,29500000.0,0,0,0,0,0,0.0,0,0,0,0,0,0.0,0,0,0,0,0,0.0,0,0,0,0,0,0.0,0,0,0,0,0,0.0,0,0,0,0,0,0.0,2,17728,0.119,0.119,0.0,19500000.0,0,0,0,0,0,0.0,0,0,0,0,0,0.0,0,0,0,0,0,0.0,0,0,0,0,0,0.0,2,142,0.1,0.1,0.0,29000000.0,0,0,0,0,0,0.0,0,0,0,0,0,0.0,0,0,0,0,0,0.0,0,0,0,0,0,0.0,0,0,0,0,0,0.0,0,0,0,0,0,0.0,3,470,0.115,0.1145,5.00000000005e-07,69000000.0,0,0,0,0,0,0.0,0,0,0,0,0,0.0,10,1713,0.0,0.0,0.0,0.0,1,20,0.0,0.0,0,15000000.0,2,40,0.167,0.167,0,18000000.0,12,2892,0.043,0.0149090909091,0.000198690909091,14500000.0,1,20,0.0,0.0,0,0.0,1,20,0.0,0.0,0,17000000.0,0,0,0,0,0,0.0,3,1089,0.077,0.062,0.00045,36333333.3333,3,16194,0.095,0.093,8.00000000002e-06,7666666.66667,3,40218,0.097,0.094,1.8e-05,8333333.33333,0,0,0,0,0,0.0,3,225,0.097,0.094,1.8e-05,8333333.33333,10,1416,0.064,0.023,0.00053275,0.0,47,45468,0.071,0.00515217391304,0.000170176328502,0.0,0,0,-3.50548510308e-06,3.13433719299e-05,1.98449961735e-05,-1.29008175778,-1.34734928308e-05,1.54217309355,-0.000374632946833,-0.00089458012851,4.14483908981e-05,4.76502817817e-05,5.78381236167e-05,-4.1536740229e-05,5.02151501891e-06,0.0,0.0,0.0,0.0,0.0,0.0,0.0,0.0,0.0,0.0,0.0,0.0,0.0,-0.000666264465333,0.0124704280654,-1.95152013932e-05,-0.0899375572301,0.000109354969787,0.135458596434,-0.00386667606502,-0.00961276396838,0.00979371359137,0.0183816402655,0.0422151495831,-0.0415584136727,-1.90759968657e-05,0,0,0,0,9223372036854775807,0,9223372036854775807,0,9223372036854775807,0,9223372036854775807,0,9223372036854775807,0,9223372036854775807,6.0,11.6000003815,0.0,5.60000014305,6.47456579139,10469376.0,10469376.0,10469376.0,0.0,486219776.0,486219776.0,486219776.0,0.0,0.0,0.0,9.22337203685e+18,0.0,9.22337203685e+18,0.0,9.22337203685e+18,0.0,9.22337203685e+18,0.0,9.22337203685e+18,0.0,9.22337203685e+18,0.0,0.0,9.22337203685e+18,0.0,9.22337203685e+18,0.0,9.22337203685e+18,0.0,9.22337203685e+18,0.0,9.22337203685e+18,0.0,9.22337203685e+18,0,0,9223372036854775807,0,9223372036854775807,0,9223372036854775807,0,9223372036854775807,0,9223372036854775807,0,9223372036854775807,0,9223372036854775807,0,9223372036854775807,0,9223372036854775807,0,9223372036854775807,0,9223372036854775807,0,9223372036854775807,0,9223372036854775807,0,9223372036854775807,0,9223372036854775807,0,9223372036854775807,0,9223372036854775807,0,9223372036854775807,0,9223372036854775807,0,9223372036854775807,0,9223372036854775807,0,9223372036854775807,0,0,0,0,9223372036854775807,9223372036854775807,9223372036854775807,0,0,0,0,0,0,0,0,0,0,0,0,0,0,0,0,0,0,0,0,0,0,0,0,0,0,0,0,0,0,0,0,0,0,1,0,51,0,0,0,0,0,0,0,0,0,0,0,0,0,0,0,0,0,0,0,0,0,0,0,0,0,0,0,0,0,0,0,0,0,0,0,0,0,0,0,1,0,52,0,0,0,0,0,0,0,0,0,0,0,0,0,0,0,0,0,0,0,0,0,0,0,0,0,0,0,0,0,0,0,0,0,1,0,3,1,0,5,0,0,0,0,0,0,0,0,0,0,0,0,0,0,0,0,0,0,0,0,0,0,0,0,0,0,0,0,0,0,0,0,0,0,0,0,0,0,0,0,0,0,0,0,0,0,0,0,0,0,0,0,0,0,1,0,5,0,0,0,0,0,0,0,0,0,0,0,0,0,0,0,0,0,0,0,0,0,0,0,0,0,0,0,0,0,0,0,0,0,0,0,0,0,0,0,0,0,0,0,0,0,0,0,0,0,0,0,0,0,0,0,0,0,0,0,0,0,0,0,0,0,0,0,0,0,0,0,0,1,0,39,0,0,0,0,0,0,0,0,0,0,0,0,0,0,0,0,0,0,1,0,10,1,0,10,0,0,0,0,0,0,0,0,0,0,0,0,1,0,401
1,20,0.0,0.0,0.0,0.0,11,5918,0.061,0.0162,0.000405288888889,6727272.72727,240,1920,0.013,0.001,1.90756302521e-06,0.0,2,96,0.1,0.1,0.0,0.0,0,0,0,0,0,0.0,1,20,0.0,0.0,0.0,12000000.0,222,134310,0.038,0.000868778280543,2.74054298643e-05,0.0,0,0,0,0,0,0.0,0,0,0,0,0,0.0,1,20,0.0,0.0,0.0,1000000.0,0,0,0.0,0.0,0,0.0,12,7080,0.053,0.02,0.0005094,19416666.6667,0,0,0,0,0,0.0,0,0,0,0,0,0.0,4,1492,0.098,0.0326666666667,0.00320133333333,159500000.0,2,18907,0.106,0.106,0.0,163500000.0,0,0,0,0,0,0.0,0,0,0,0,0,0.0,0,0,0,0,0,0.0,0,0,0,0,0,0.0,3,407,0.123,0.11,0.000338,203333333.333,0,0,0,0,0,0.0,0,0,0,0,0,0.0,0,0,0.0,0.0,0,0.0,2,96,0.1,0.1,0.0,0.0,12,8616,0.046,0.0169090909091,0.000293690909091,4916666.66667,0,0,0,0,0,0.0,0,0,0,0,0,0.0,0,0,0,0,0,0.0,1,71,0.0,0.0,0.0,-9000000.0,0,0,0,0,0,0.0,0,0,0,0,0,0.0,0,0,0,0,0,0.0,0,0,0,0,0,0.0,0,0,0,0,0,0.0,0,0,0,0,0,0.0,0,0,0,0,0,0.0,0,0,0.0,0.0,0,0.0,1,72,0.0,0.0,0.0,0.0,0,0,0,0,0,0.0,0,0,0,0,0,0.0,0,0,0,0,0,0.0,0,0,0,0,0,0.0,0,0,0,0,0,0.0,0,0,0,0,0,0.0,0,0,0,0,0,0.0,0,0,0,0,0,0.0,1,20,0.0,0.0,0.0,0.0,1,668,0.0,0.0,0,0.0,0,0,0,0,0,0.0,0,0,0,0,0,0.0,0,0,0,0,0,0.0,0,0,0,0,0,0.0,0,0,0,0,0,0.0,0,0,0,0,0,0.0,0,0,0,0,0,0.0,0,0,0,0,0,0.0,1,20,0.0,0.0,0.0,0.0,0,0,0,0,0,0.0,0,0,0,0,0,0.0,2,13050,0.113,0.113,0.0,34500000.0,0,0,0,0,0,0.0,0,0,0,0,0,0.0,0,0,0,0,0,0.0,0,0,0,0,0,0.0,0,0,0,0,0,0.0,0,0,0,0,0,0.0,2,17728,0.115,0.115,0.0,7500000.0,0,0,0,0,0,0.0,0,0,0,0,0,0.0,0,0,0,0,0,0.0,0,0,0,0,0,0.0,2,142,0.111,0.111,0.0,33500000.0,0,0,0,0,0,0.0,0,0,0,0,0,0.0,0,0,0,0,0,0.0,0,0,0,0,0,0.0,0,0,0,0,0,0.0,0,0,0,0,0,0.0,2,340,0.098,0.098,0.0,55000000.0,0,0,0,0,0,0.0,0,0,0,0,0,0.0,0,0,0.0,0.0,0.0,0.0,1,20,0.0,0.0,0,5000000.0,1,20,0.0,0.0,0,1000000.0,13,3133,0.053,0.0188333333333,0.000215787878788,6769230.76923,2,40,0.207,0.207,0,4000000.0,1,20,0.0,0.0,0,5000000.0,0,0,0,0,0,0.0,3,1089,0.1,0.0925,0.0001125,9000000.0,3,16194,0.1,0.0995,4.99999999998e-07,4333333.33333,3,40218,0.1,0.0995,4.99999999998e-07,4333333.33333,0,0,0,0,0,0.0,3,225,0.1,0.0995,4.99999999998e-07,4333333.33333,11,1662,0.057,0.0156,0.000362933333333,0.0,49,47849,0.053,0.00472916666667,0.000104329343972,0.0,0,0,-3.51695348133e-06,3.07076950259e-05,-1.70066966758e-05,-1.31323603513,-1.34757453045e-05,1.57486477842,-0.000372900255011,-0.000894391087097,4.14685474519e-05,4.76505981499e-05,5.84597420623e-05,-4.16279994265e-05,4.99193311043e-06,0.0,0.0,0.0,0.0,0.0,0.0,0.0,0.0,0.0,0.0,0.0,0.0,0.0,-0.000700455217336,0.0110324824991,-1.9450937474e-05,-0.0901864187471,0.000108990008627,0.137133539541,-0.0034996852495,-0.00919777437537,0.00978766895479,0.0184390607263,0.0425346145714,-0.0415535819406,-1.49814754161e-05,0,0,0,0,9223372036854775807,0,9223372036854775807,0,9223372036854775807,0,9223372036854775807,0,9223372036854775807,0,9223372036854775807,0.0,0.0,9.22337203685e+18,0.0,9.22337203685e+18,0.0,9.22337203685e+18,0.0,9.22337203685e+18,0.0,9.22337203685e+18,0.0,9.22337203685e+18,0.0,0.0,9.22337203685e+18,0.0,9.22337203685e+18,0.0,9.22337203685e+18,0.0,9.22337203685e+18,0.0,9.22337203685e+18,0.0,9.22337203685e+18,0.0,0.0,9.22337203685e+18,0.0,9.22337203685e+18,0.0,9.22337203685e+18,0.0,9.22337203685e+18,0.0,9.22337203685e+18,0.0,9.22337203685e+18,0,0,9223372036854775807,0,9223372036854775807,0,9223372036854775807,0,9223372036854775807,0,9223372036854775807,0,9223372036854775807,0,9223372036854775807,0,9223372036854775807,0,9223372036854775807,0,9223372036854775807,0,9223372036854775807,0,9223372036854775807,0,9223372036854775807,0,9223372036854775807,0,9223372036854775807,0,9223372036854775807,0,9223372036854775807,0,9223372036854775807,0,9223372036854775807,0,9223372036854775807,0,9223372036854775807,0,9223372036854775807,0,0,0,0,9223372036854775807,9223372036854775807,9223372036854775807,0,0,0,0,0,0,0,0,0,0,0,0,0,0,0,0,0,0,0,0,0,0,0,0,0,0,0,0,1,0,6,0,0,0,0,0,0,0,0,0,0,0,0,0,0,0,1,0,11,0,0,0,0,0,0,0,0,0,0,0,0,0,0,0,0,0,0,0,0,0,0,0,0,0,0,0,1,0,41,0,0,0,0,0,0,0,0,0,0,0,0,0,0,0,0,0,0,0,0,0,0,0,0,0,0,0,0,0,0,0,0,0,0,0,0,0,0,0,0,0,0,0,0,0,0,0,0,0,0,0,0,0,0,0,0,0,0,0,0,0,0,0,0,0,0,0,0,0,0,0,0,0,0,0,0,0,0,0,0,0,0,0,0,0,0,0,0,0,0,0,0,0,0,0,0,0,0,0,0,0,0,1,0,9,0,0,0,0,0,0,0,0,0,0,0,0,0,0,0,0,0,0,1,0,9,0,0,0,0,0,0,0,0,0,0,0,0,1,0,9,0,0,0,0,0,0,0,0,0,0,0,0,0,0,0,0,0,0,1,0,9,0,0,0,0,0,0,0,0,0,0,0,0,0,0,0,0,0,0,1,0,6,0,0,0,0,0,0,0,0,0,0,0,0,1,0,11,0,0,0,1,0,11,0,0,0,0,0,0
2,40,0.201,0.201,0.0,0.0,12,6456,0.125,0.0180909090909,0.00143229090909,-13000000.0,252,2016,0.028,0.000996015936255,4.97198406374e-06,0.0,3,144,0.134,0.1005,0.0022445,0.0,0,0,0,0,0,0.0,1,20,0.0,0.0,0.0,48000000.0,257,155485,0.123,0.00086328125,7.01890778186e-05,0.0,0,0,0,0,0,0.0,0,0,0,0,0,0.0,1,20,0.0,0.0,0.0,56000000.0,1,374,0.0,0.0,0,0.0,12,7080,0.098,0.0188181818182,0.000893763636364,31583333.3333,0,0,0,0,0,0.0,0,0,0,0,0,0.0,2,746,0.0,0.0,0.0,200000000.0,2,18876,0.029,0.029,0.0,241000000.0,0,0,0,0,0,0.0,0,0,0,0,0,0.0,0,0,0,0,0,0.0,0,0,0,0,0,0.0,2,297,0.055,0.055,0.0,254000000.0,0,0,0,0,0,0.0,0,0,0,0,0,0.0,0,0,0.0,0.0,0,0.0,3,144,0.165,0.1005,0.0083205,0.0,12,8616,0.098,0.0177272727273,0.000930818181818,-9416666.66667,0,0,0,0,0,0.0,0,0,0,0,0,0.0,0,0,0,0,0,0.0,1,71,0.0,0.0,0.0,-85000000.0,0,0,0,0,0,0.0,0,0,0,0,0,0.0,0,0,0,0,0,0.0,0,0,0,0,0,0.0,0,0,0,0,0,0.0,0,0,0,0,0,0.0,0,0,0,0,0,0.0,1,910,0.0,0.0,0,41000000.0,1,72,0.0,0.0,0.0,41000000.0,0,0,0,0,0,0.0,0,0,0,0,0,0.0,0,0,0,0,0,0.0,0,0,0,0,0,0.0,0,0,0,0,0,0.0,0,0,0,0,0,0.0,0,0,0,0,0,0.0,0,0,0,0,0,0.0,2,40,0.2,0.2,0.0,0.0,1,668,0.0,0.0,0,0.0,0,0,0,0,0,0.0,0,0,0,0,0,0.0,0,0,0,0,0,0.0,0,0,0,0,0,0.0,0,0,0,0,0,0.0,0,0,0,0,0,0.0,0,0,0,0,0,0.0,0,0,0,0,0,0.0,1,20,0.0,0.0,0.0,44000000.0,0,0,0,0,0,0.0,0,0,0,0,0,0.0,2,13050,0.133,0.133,0.0,38500000.0,0,0,0,0,0,0.0,0,0,0,0,0,0.0,0,0,0,0,0,0.0,0,0,0,0,0,0.0,0,0,0,0,0,0.0,0,0,0,0,0,0.0,2,17728,0.13,0.13,0.0,16000000.0,0,0,0,0,0,0.0,0,0,0,0,0,0.0,0,0,0,0,0,0.0,0,0,0,0,0,0.0,2,142,0.134,0.134,0.0,37000000.0,0,0,0,0,0,0.0,0,0,0,0,0,0.0,0,0,0,0,0,0.0,0,0,0,0,0,0.0,0,0,0,0,0,0.0,0,0,0,0,0,0.0,2,361,0.043,0.043,0.0,102500000.0,0,0,0,0,0,0.0,0,0,0,0,0,0.0,16,3379,0.0,0.0,0.0,0.0,2,40,0.202,0.202,0,0.0,1,20,0.0,0.0,0,16000000.0,12,2892,0.112,0.02,0.001051,24583333.3333,1,20,0.0,0.0,0,0.0,2,40,0.203,0.203,0,500000.0,0,0,0,0,0,0.0,2,726,0.051,0.051,0.0,36500000.0,2,10796,0.148,0.148,0.0,-13000000.0,2,26812,0.149,0.149,0.0,-12500000.0,0,0,0,0,0,0.0,2,150,0.149,0.149,0.0,-12500000.0,10,1549,0.037,0.00911111111111,0.000160111111111,0.0,44,43956,0.098,0.00523255813953,0.000241325581395,0.0,0,0,-3.49964193447e-06,6.85095142057e-05,3.28191479566e-05,-1.33652288091,-1.34808023038e-05,1.60803251551,-0.000374511806251,-0.000894251629504,4.14182015387e-05,4.75152955159e-05,5.8080761602e-05,-4.16292861433e-05,4.9681433083e-06,0.0,0.0,0.0,0.0,0.0,0.0,0.0,0.0,0.0,0.0,0.0,0.0,0.0,-0.000678338208117,0.0113298627505,-1.84146315771e-05,-0.0935791404665,0.000104634335858,0.139533369704,-0.00440773505234,-0.00872598793913,0.00977572041963,0.0183606944712,0.0422986986804,-0.0415491236638,-2.45606607572e-05,0,0,0,0,9223372036854775807,0,9223372036854775807,0,9223372036854775807,0,9223372036854775807,0,9223372036854775807,0,9223372036854775807,6.0,13.8000001907,0.0,6.56666676203,5.52437033148,10469376.0,10469376.0,10469376.0,0.0,486219776.0,486219776.0,486219776.0,0.0,0.0,0.0,9.22337203685e+18,0.0,9.22337203685e+18,0.0,9.22337203685e+18,0.0,9.22337203685e+18,0.0,9.22337203685e+18,0.0,9.22337203685e+18,11.0,41.0,8.30000019073,18.7333335876,14.3587839007,69513216.0,65462272.0,66812586.6667,2091898.48646,962531328.0,962531328.0,962531328.0,0.0,0,0,9223372036854775807,0,9223372036854775807,0,9223372036854775807,0,9223372036854775807,0,9223372036854775807,0,9223372036854775807,0,9223372036854775807,0,9223372036854775807,0,9223372036854775807,0,9223372036854775807,0,9223372036854775807,0,9223372036854775807,0,9223372036854775807,0,9223372036854775807,0,9223372036854775807,0,9223372036854775807,0,9223372036854775807,0,9223372036854775807,0,9223372036854775807,0,9223372036854775807,0,9223372036854775807,0,9223372036854775807,0,0,0,0,9223372036854775807,9223372036854775807,9223372036854775807,0,1,0,5,0,0,0,0,0,0,0,0,0,0,0,0,1,0,6,1,0,8000,0,0,0,0,0,0,0,0,0,1,0,3,2,1,102,0,0,0,0,0,0,0,0,0,0,0,0,0,0,0,0,0,0,0,0,0,0,0,0,1,0,11,0,0,0,0,0,0,0,0,0,0,0,0,0,0,0,0,0,0,0,0,0,0,0,0,0,0,0,0,0,0,0,0,0,0,0,0,0,0,0,0,0,0,0,0,0,0,0,0,0,0,0,0,0,0,0,0,0,0,0,0,0,0,0,0,0,0,0,0,0,0,0,0,0,0,0,0,0,0,0,0,0,1,0,5,0,0,0,0,0,0,0,0,0,0,0,0,0,0,0,0,0,0,0,0,0,0,0,0,0,0,0,0,0,0,0,0,0,0,0,0,0,0,0,0,0,0,0,0,0,0,0,0,0,0,0,0,0,0,0,0,0,0,0,0,0,0,0,0,0,0,0,0,0,0,0,0,0,0,0,0,0,0,0,0,0,0,0,0,0,0,0,0,0,0,0,0,0,0,0,0,0,0,0,0,0,0,0,0,0,1,0,6,1,0,51,0,0,0,0,0,0,0,0,0,0,0,0,0,0,0,0,0,0,0,0,0,0,0,0,0,0,0,0,0,0
1,20,0.0,0.0,0.0,0.0,14,7532,0.037,0.0178461538462,0.000235641025641,10928571.4286,251,2008,0.008,0.001,1.03614457831e-06,0.0,2,96,0.099,0.099,0.0,0.0,0,0,0,0,0,0.0,2,40,0.196,0.196,0.0,2000000.0,227,137335,0.037,0.00087610619469,2.63934709931e-05,0.0,0,0,0,0,0,0.0,0,0,0,0,0,0.0,2,40,0.2,0.2,0.0,0.0,1,326,0.0,0.0,0,0.0,14,8260,0.037,0.0179230769231,0.000236076923077,12000000.0,0,0,0,0,0,0.0,0,0,0,0,0,0.0,4,1492,0.182,0.0606666666667,0.0110413333333,153500000.0,3,28350,0.097,0.093,3.2e-05,159333333.333,0,0,0,0,0,0.0,0,0,0,0,0,0.0,0,0,0,0,0,0.0,0,0,0,0,0,0.0,3,399,0.097,0.093,3.2e-05,187333333.333,0,0,0,0,0,0.0,0,0,0,0,0,0.0,0,0,0.0,0.0,0,0.0,2,96,0.099,0.099,0.0,0.0,13,9334,0.035,0.0183333333333,0.000243696969697,10769230.7692,0,0,0,0,0,0.0,0,0,0,0,0,0.0,0,0,0,0,0,0.0,1,71,0.0,0.0,0.0,-1000000.0,0,0,0,0,0,0.0,0,0,0,0,0,0.0,0,0,0,0,0,0.0,0,0,0,0,0,0.0,0,0,0,0,0,0.0,0,0,0,0,0,0.0,0,0,0,0,0,0.0,0,0,0.0,0.0,0,0.0,1,72,0.0,0.0,0.0,0.0,0,0,0,0,0,0.0,0,0,0,0,0,0.0,0,0,0,0,0,0.0,0,0,0,0,0,0.0,0,0,0,0,0,0.0,0,0,0,0,0,0.0,0,0,0,0,0,0.0,0,0,0,0,0,0.0,1,20,0.0,0.0,0.0,0.0,1,668,0.0,0.0,0,0.0,0,0,0,0,0,0.0,0,0,0,0,0,0.0,0,0,0,0,0,0.0,0,0,0,0,0,0.0,0,0,0,0,0,0.0,0,0,0,0,0,0.0,0,0,0,0,0,0.0,0,0,0,0,0,0.0,1,20,0.0,0.0,0.0,0.0,0,0,0,0,0,0.0,0,0,0,0,0,0.0,2,13050,0.098,0.098,0.0,33000000.0,0,0,0,0,0,0.0,0,0,0,0,0,0.0,0,0,0,0,0,0.0,0,0,0,0,0,0.0,0,0,0,0,0,0.0,0,0,0,0,0,0.0,3,26592,0.106,0.1045,4.50000000001e-06,7666666.66667,0,0,0,0,0,0.0,0,0,0,0,0,0.0,0,0,0,0,0,0.0,0,0,0,0,0,0.0,3,213,0.111,0.104,9.8e-05,32333333.3333,0,0,0,0,0,0.0,0,0,0,0,0,0.0,0,0,0,0,0,0.0,0,0,0,0,0,0.0,0,0,0,0,0,0.0,0,0,0,0,0,0.0,2,357,0.102,0.102,0.0,58000000.0,0,0,0,0,0,0.0,0,0,0,0,0,0.0,16,3041,0.0,0.0,0.0,0.0,1,20,0.0,0.0,0,0.0,1,20,0.0,0.0,0,-6000000.0,13,3133,0.029,0.02,1.70909090909e-05,769230.769231,1,20,0.0,0.0,0,1000000.0,1,20,0.0,0.0,0,0.0,0,0,0,0,0,0.0,2,726,0.1,0.1,0.0,7500000.0,2,10796,0.101,0.101,0.0,7000000.0,2,26812,0.101,0.101,0.0,7000000.0,0,0,0,0,0,0.0,2,150,0.101,0.101,0.0,7000000.0,11,1521,0.075,0.0197,0.000604677777778,0.0,48,48987,0.022,0.00510638297872,3.89666975023e-05,0.0,0,0,-3.43658672008e-06,7.23556388067e-05,1.47527903049e-05,-1.36400606393,-1.34856261598e-05,1.64717276882,-0.000377235837938,-0.000896866922576,4.15522146531e-05,4.76353861876e-05,5.82409157293e-05,-4.16687362079e-05,4.96412332929e-06,0.0,0.0,0.0,0.0,0.0,0.0,0.0,0.0,0.0,0.0,0.0,0.0,0.0,-0.000618754945078,0.0119763243007,-1.778085116e-05,-0.0993194243217,9.99553398306e-05,0.142772513558,-0.00519056383272,-0.00856633091464,0.00992114719696,0.0185100860664,0.0427058041328,-0.0415433542221,-2.89046531139e-05,0,0,0,0,9223372036854775807,0,9223372036854775807,0,9223372036854775807,0,9223372036854775807,0,9223372036854775807,0,9223372036854775807,6.0,10.3000001907,0.0,4.02000007629,5.50744960487,10469376.0,10469376.0,10469376.0,0.0,486219776.0,486219776.0,486219776.0,0.0,6.0,20.2999992371,0.0,8.79999980927,8.85070595377,15544320.0,15544320.0,15544320.0,0.0,472285184.0,472285184.0,472285184.0,0.0,0.0,0.0,9.22337203685e+18,0.0,9.22337203685e+18,0.0,9.22337203685e+18,0.0,9.22337203685e+18,0.0,9.22337203685e+18,0.0,9.22337203685e+18,0,0,9223372036854775807,0,9223372036854775807,0,9223372036854775807,0,9223372036854775807,0,9223372036854775807,0,9223372036854775807,0,9223372036854775807,0,9223372036854775807,0,9223372036854775807,0,9223372036854775807,0,9223372036854775807,0,9223372036854775807,0,9223372036854775807,0,9223372036854775807,0,9223372036854775807,0,9223372036854775807,0,9223372036854775807,0,9223372036854775807,0,9223372036854775807,0,9223372036854775807,0,9223372036854775807,0,9223372036854775807,0,0,0,0,9223372036854775807,9223372036854775807,9223372036854775807,0,0,0,0,1,0,51,0,0,0,2,0,20,0,0,0,0,0,0,0,0,0,0,0,0,0,0,0,1,0,6,0,0,0,0,0,0,0,0,0,0,0,0,1,0,14,0,0,0,0,0,0,0,0,0,0,0,0,0,0,0,0,0,0,0,0,0,0,0,0,0,0,0,0,0,0,0,0,0,0,0,0,0,0,0,0,0,0,1,0,6,0,0,0,0,0,0,0,0,0,0,0,0,0,0,0,0,0,0,0,0,0,0,0,0,0,0,0,0,0,0,0,0,0,0,0,0,0,0,0,0,0,0,0,0,0,0,0,0,0,0,0,1,0,6,0,0,0,0,0,0,0,0,0,0,0,0,0,0,0,0,0,0,0,0,0,0,0,0,0,0,0,0,0,0,0,0,0,0,0,0,0,0,0,0,0,0,0,0,0,0,0,0,0,0,0,0,0,0,0,0,0,0,0,0,0,0,0,0,0,0,0,0,0,0,0,0,0,0,0,0,0,0,0,0,0,0,0,0,0,0,0,0,0,0,0,0,0,0,0,0,0,0,0,0,0,0,0,0,0,0,0,0,0,0,0,1,0,51,0,0,0,0,0,0,0,0,0,0,0,0,3,0,30,0,0,0,0,0,0,0,0,0,0,0,0,0,0,0
1,20,0.0,0.0,0.0,0.0,12,6456,0.038,0.0192727272727,0.000299818181818,14833333.3333,250,2000,0.006,0.00100401606426,6.24983806193e-07,0.0,3,144,0.1,0.1,0.0,0.0,0,0,0,0,0,0.0,1,20,0.0,0.0,0.0,5000000.0,263,159115,0.038,0.000893129770992,2.8402328098e-05,0.0,0,0,0,0,0,0.0,0,0,0,0,0,0.0,1,20,0.0,0.0,0.0,0.0,0,0,0.0,0.0,0,0.0,12,7080,0.04,0.0187272727273,0.000318618181818,13833333.3333,0,0,0,0,0,0.0,0,0,0,0,0,0.0,2,746,0.0,0.0,0.0,188000000.0,2,18912,0.127,0.127,0.0,176000000.0,0,0,0,0,0,0.0,0,0,0,0,0,0.0,0,0,0,0,0,0.0,0,0,0,0,0,0.0,2,284,0.11,0.11,0.0,215500000.0,0,0,0,0,0,0.0,0,0,0,0,0,0.0,0,0,0.0,0.0,0,0.0,3,144,0.1,0.1,0.0,0.0,13,9334,0.035,0.02,0.000248363636364,11615384.6154,0,0,0,0,0,0.0,0,0,0,0,0,0.0,0,0,0,0,0,0.0,2,142,0.2,0.2,0.0,0.0,0,0,0,0,0,0.0,0,0,0,0,0,0.0,0,0,0,0,0,0.0,0,0,0,0,0,0.0,0,0,0,0,0,0.0,0,0,0,0,0,0.0,0,0,0,0,0,0.0,1,910,0.0,0.0,0,-3000000.0,2,144,0.203,0.203,0.0,-1500000.0,0,0,0,0,0,0.0,0,0,0,0,0,0.0,0,0,0,0,0,0.0,0,0,0,0,0,0.0,0,0,0,0,0,0.0,0,0,0,0,0,0.0,0,0,0,0,0,0.0,0,0,0,0,0,0.0,1,20,0.0,0.0,0.0,0.0,1,668,0.0,0.0,0,0.0,0,0,0,0,0,0.0,0,0,0,0,0,0.0,0,0,0,0,0,0.0,0,0,0,0,0,0.0,0,0,0,0,0,0.0,0,0,0,0,0,0.0,0,0,0,0,0,0.0,0,0,0,0,0,0.0,2,40,0.201,0.201,0.0,500000.0,0,0,0,0,0,0.0,0,0,0,0,0,0.0,2,13050,0.132,0.132,0.0,44500000.0,0,0,0,0,0,0.0,0,0,0,0,0,0.0,0,0,0,0,0,0.0,0,0,0,0,0,0.0,0,0,0,0,0,0.0,0,0,0,0,0,0.0,2,17728,0.139,0.139,0.0,9500000.0,0,0,0,0,0,0.0,0,0,0,0,0,0.0,0,0,0,0,0,0.0,0,0,0,0,0,0.0,1,71,0.0,0.0,0.0,49000000.0,0,0,0,0,0,0.0,0,0,0,0,0,0.0,0,0,0,0,0,0.0,0,0,0,0,0,0.0,0,0,0,0,0,0.0,0,0,0,0,0,0.0,2,334,0.14,0.14,0.0,74500000.0,0,0,0,0,0,0.0,0,0,0,0,0,0.0,0,0,0.0,0.0,0.0,0.0,1,20,0.0,0.0,0,0.0,2,40,0.2,0.2,0,0.0,12,2892,0.021,0.02,4e-07,0.0,1,20,0.0,0.0,0,0.0,1,20,0.0,0.0,0,-2000000.0,0,0,0,0,0,0.0,3,1089,0.113,0.103,0.0002,12666666.6667,3,16194,0.111,0.1035,0.0001125,11000000.0,3,40218,0.112,0.104,0.000128,11333333.3333,0,0,0,0,0,0.0,3,225,0.112,0.103,0.000162,12000000.0,14,2056,0.072,0.0148461538462,0.000653974358974,0.0,47,46426,0.023,0.00526086956522,4.26859903382e-05,0.0,0,0,-3.37651272631e-06,4.67381291962e-05,1.40211822304e-05,-1.38770099705,-1.34840319266e-05,1.68121669944,-0.000375346450835,-0.000894283030227,4.13920414362e-05,4.74583589067e-05,5.86644289973e-05,-4.12300737513e-05,4.92576385369e-06,0.0,0.0,0.0,0.0,0.0,0.0,0.0,0.0,0.0,0.0,0.0,0.0,0.0,-0.000641982720095,0.0105218059141,-1.81330731159e-05,-0.100721241695,0.000101259506733,0.142114010538,-0.00506182592616,-0.00825283503381,0.00977363458003,0.0183432282569,0.0424627714177,-0.041284756102,-2.31185188888e-05,0,0,0,0,9223372036854775807,0,9223372036854775807,0,9223372036854775807,0,9223372036854775807,0,9223372036854775807,0,9223372036854775807,0.0,0.0,9.22337203685e+18,0.0,9.22337203685e+18,0.0,9.22337203685e+18,0.0,9.22337203685e+18,0.0,9.22337203685e+18,0.0,9.22337203685e+18,0.0,0.0,9.22337203685e+18,0.0,9.22337203685e+18,0.0,9.22337203685e+18,0.0,9.22337203685e+18,0.0,9.22337203685e+18,0.0,9.22337203685e+18,0.0,0.0,9.22337203685e+18,0.0,9.22337203685e+18,0.0,9.22337203685e+18,0.0,9.22337203685e+18,0.0,9.22337203685e+18,0.0,9.22337203685e+18,0,0,9223372036854775807,0,9223372036854775807,0,9223372036854775807,0,9223372036854775807,0,9223372036854775807,0,9223372036854775807,0,9223372036854775807,0,9223372036854775807,0,9223372036854775807,0,9223372036854775807,0,9223372036854775807,0,9223372036854775807,0,9223372036854775807,0,9223372036854775807,0,9223372036854775807,0,9223372036854775807,0,9223372036854775807,0,9223372036854775807,0,9223372036854775807,0,9223372036854775807,0,9223372036854775807,0,9223372036854775807,0,0,0,0,9223372036854775807,9223372036854775807,9223372036854775807,0,1,0,6,0,0,0,0,0,0,0,0,0,0,0,0,0,0,0,0,0,0,0,0,0,0,0,0,0,0,0,0,0,0,1,0,54,0,0,0,0,0,0,0,0,0,0,0,0,0,0,0,0,0,0,0,0,0,0,0,0,0,0,0,0,0,0,0,0,0,0,0,0,2,0,22,2,0,92,0,0,0,0,0,0,0,0,0,0,0,0,0,0,0,0,0,0,0,0,0,0,0,0,0,0,0,0,0,0,0,0,0,0,0,0,1,0,6,0,0,0,0,0,0,0,0,0,0,0,0,0,0,0,0,0,0,0,0,0,0,0,0,1,0,6,0,0,0,0,0,0,0,0,0,0,0,0,0,0,0,0,0,0,0,0,0,0,0,0,0,0,0,1,0,6,0,0,0,0,0,0,0,0,0,0,0,0,0,0,0,0,0,0,0,0,0,0,0,0,0,0,0,0,0,0,0,0,0,0,0,0,0,0,0,0,0,0,0,0,0,0,0,0,0,0,0,0,0,0,0,0,0,0,0,0,0,0,0,0,0,0,0,0,0,0,0,0,0,0,0,1,0,6,0,0,0,0,0,0,0,0,0,1,0,6,0,0,0,1,0,11,1,0,10,0,0,0,0,0,0,0,0,0,0,0,0,0,0,0
1,20,0.0,0.0,0.0,0.0,12,6456,0.038,0.0208181818182,0.000213163636364,12583333.3333,251,2008,0.005,0.001,6.74698795181e-07,0.0,2,96,0.1,0.1,0.0,0.0,1,574,0,0,0,-2000000.0,1,20,0.0,0.0,0.0,1000000.0,257,155485,0.038,0.000875,2.65176470588e-05,0.0,0,0,0,0,0,0.0,0,0,0,0,0,0.0,1,20,0.0,0.0,0.0,0.0,1,326,0.0,0.0,0,0.0,12,7080,0.039,0.0189090909091,0.000203690909091,9166666.66667,0,0,0,0,0,0.0,0,0,0,0,0,0.0,4,1492,0.081,0.027,0.002187,159000000.0,3,28380,0.089,0.086,1.8e-05,155666666.667,0,0,0,0,0,0.0,0,0,0,0,0,0.0,0,0,0,0,0,0.0,0,0,0,0,0,0.0,3,440,0.093,0.087,7.2e-05,183666666.667,0,0,0,0,0,0.0,0,0,0,0,0,0.0,0,0,0.0,0.0,0,0.0,2,96,0.1,0.1,0.0,0.0,12,8616,0.039,0.02,0.000223,12083333.3333,0,0,0,0,0,0.0,0,0,0,0,0,0.0,0,0,0,0,0,0.0,1,71,0.0,0.0,0.0,-1000000.0,0,0,0,0,0,0.0,0,0,0,0,0,0.0,0,0,0,0,0,0.0,0,0,0,0,0,0.0,0,0,0,0,0,0.0,0,0,0,0,0,0.0,0,0,0,0,0,0.0,1,910,0.0,0.0,0,0.0,1,72,0.0,0.0,0.0,0.0,0,0,0,0,0,0.0,0,0,0,0,0,0.0,0,0,0,0,0,0.0,0,0,0,0,0,0.0,0,0,0,0,0,0.0,0,0,0,0,0,0.0,0,0,0,0,0,0.0,0,0,0,0,0,0.0,1,20,0.0,0.0,0.0,0.0,1,668,0.0,0.0,0,0.0,0,0,0,0,0,0.0,0,0,0,0,0,0.0,0,0,0,0,0,0.0,0,0,0,0,0,0.0,0,0,0,0,0,0.0,0,0,0,0,0,0.0,0,0,0,0,0,0.0,0,0,0,0,0,0.0,1,20,0.0,0.0,0.0,0.0,0,0,0,0,0,0.0,0,0,0,0,0,0.0,3,19575,0.122,0.1095,0.0003125,32000000.0,0,0,0,0,0,0.0,0,0,0,0,0,0.0,0,0,0,0,0,0.0,0,0,0,0,0,0.0,0,0,0,0,0,0.0,0,0,0,0,0,0.0,2,17728,0.112,0.112,0.0,10500000.0,0,0,0,0,0,0.0,0,0,0,0,0,0.0,0,0,0,0,0,0.0,0,0,0,0,0,0.0,3,213,0.12,0.1095,0.0002205,30666666.6667,0,0,0,0,0,0.0,0,0,0,0,0,0.0,0,0,0,0,0,0.0,0,0,0,0,0,0.0,0,0,0,0,0,0.0,0,0,0,0,0,0.0,2,399,0.107,0.107,0.0,53000000.0,0,0,0,0,0,0.0,0,0,0,0,0,0.0,14,2678,0.003,0.000230769230769,6.92307692308e-07,0.0,1,20,0.0,0.0,0,0.0,1,20,0.0,0.0,0,1000000.0,13,3133,0.024,0.0201666666667,4.33333333333e-06,615384.615385,2,40,0.199,0.199,0,0.0,1,20,0.0,0.0,0,1000000.0,0,0,0,0,0,0.0,2,726,0.097,0.097,0.0,9500000.0,3,16194,0.1,0.0985,4.50000000001e-06,9000000.0,2,26812,0.097,0.097,0.0,9500000.0,0,0,0,0,0,0.0,2,150,0.097,0.097,0.0,9500000.0,11,1683,0.045,0.0137,0.0002289,0.0,46,45379,0.022,0.0054,4.19272727273e-05,0.0,0,0,-3.37430998343e-06,4.58721222492e-05,1.35550552427e-05,-1.41238844367,-1.34829978755e-05,1.71497563678,-0.000375280982296,-0.000894229401153,4.13795688177e-05,4.74585662582e-05,5.86767699096e-05,-4.12310406645e-05,4.92869914304e-06,0.0,0.0,0.0,0.0,0.0,0.0,0.0,0.0,0.0,0.0,0.0,0.0,0.0,-0.000639837652168,0.0101210524158,-1.81381746955e-05,-0.105593883227,0.000102552967681,0.140107952009,-0.0049993862945,-0.00820056382578,0.00976050833987,0.0183429407625,0.0424742591915,-0.0412847837679,-2.01439369371e-05,0,0,0,0,9223372036854775807,0,9223372036854775807,0,9223372036854775807,0,9223372036854775807,0,9223372036854775807,0,9223372036854775807,6.0,10.6999998093,0.0,6.2,5.66524491632,10469376.0,10469376.0,10469376.0,0.0,486219776.0,486219776.0,486219776.0,0.0,0.0,0.0,9.22337203685e+18,0.0,9.22337203685e+18,0.0,9.22337203685e+18,0.0,9.22337203685e+18,0.0,9.22337203685e+18,0.0,9.22337203685e+18,0.0,0.0,9.22337203685e+18,0.0,9.22337203685e+18,0.0,9.22337203685e+18,0.0,9.22337203685e+18,0.0,9.22337203685e+18,0.0,9.22337203685e+18,0,0,9223372036854775807,0,9223372036854775807,0,9223372036854775807,0,9223372036854775807,0,9223372036854775807,0,9223372036854775807,0,9223372036854775807,0,9223372036854775807,0,9223372036854775807,0,9223372036854775807,0,9223372036854775807,0,9223372036854775807,0,9223372036854775807,0,9223372036854775807,0,9223372036854775807,0,9223372036854775807,0,9223372036854775807,0,9223372036854775807,0,9223372036854775807,0,9223372036854775807,0,9223372036854775807,0,9223372036854775807,0,0,0,0,9223372036854775807,9223372036854775807,9223372036854775807,0,0,0,0,0,0,0,0,0,0,0,0,0,1,0,2,0,0,0,0,0,0,0,0,0,0,0,0,0,0,0,0,0,0,0,0,0,0,0,0,0,0,0,0,0,0,1,0,10,0,0,0,0,0,0,0,0,0,0,0,0,0,0,0,0,0,0,0,0,0,0,0,0,0,0,0,0,0,0,0,0,0,0,0,0,0,0,0,0,0,0,0,0,0,0,0,0,0,0,0,0,0,0,0,0,0,0,0,0,0,0,0,1,0,3,0,0,0,0,0,0,0,0,0,0,0,0,0,0,0,0,0,0,0,0,0,0,0,0,0,0,0,0,0,0,0,0,0,0,0,0,0,0,0,0,0,0,0,0,0,0,0,0,0,0,0,0,0,0,0,0,0,0,0,0,0,0,0,0,0,0,1,0,9,0,0,0,0,0,0,0,0,0,0,0,0,0,0,0,0,0,0,1,0,9,0,0,0,0,0,0,0,0,0,0,0,0,1,0,9,0,0,0,0,0,0,0,0,0,0,0,0,0,0,0,0,0,0,1,0,9,0,0,0,0,0,0,1,0,42,0,0,0,0,0,0,0,0,0,1,0,6,0,0,0,0,0,0,0,0,0,0,0,0,1,0,10,0,0,0,1,0,10,0,0,0,0,0,0
2,40,0.2,0.2,0.0,0.0,12,6456,0.037,0.0186363636364,0.000239654545455,14250000.0,251,2008,0.005,0.001,6.18473895582e-07,0.0,3,144,0.1,0.1,0.0,0.0,0,0,0,0,0,0.0,1,20,0.0,0.0,0.0,0.0,245,148225,0.037,0.000840163934426,2.61513020306e-05,0.0,0,0,0,0,0,0.0,0,0,0,0,0,0.0,1,20,0.0,0.0,0.0,0.0,0,0,0.0,0.0,0,0.0,13,7670,0.039,0.0188333333333,0.000277606060606,16923076.9231,0,0,0,0,0,0.0,0,0,0,0,0,0.0,4,1492,0.18,0.06,0.0108,163500000.0,3,28448,0.097,0.089,0.000128,173333333.333,0,0,0,0,0,0.0,0,0,0,0,0,0.0,0,0,0,0,0,0.0,0,0,0,0,0,0.0,2,319,0.091,0.091,0.0,200500000.0,0,0,0,0,0,0.0,0,0,0,0,0,0.0,0,0,0.0,0.0,0,0.0,3,144,0.1,0.1,0.0,0.0,13,9334,0.041,0.0191666666667,0.000271424242424,15076923.0769,0,0,0,0,0,0.0,0,0,0,0,0,0.0,0,0,0,0,0,0.0,1,71,0.0,0.0,0.0,-1000000.0,0,0,0,0,0,0.0,0,0,0,0,0,0.0,0,0,0,0,0,0.0,0,0,0,0,0,0.0,0,0,0,0,0,0.0,0,0,0,0,0,0.0,0,0,0,0,0,0.0,0,0,0.0,0.0,0,0.0,1,72,0.0,0.0,0.0,0.0,0,0,0,0,0,0.0,0,0,0,0,0,0.0,0,0,0,0,0,0.0,0,0,0,0,0,0.0,0,0,0,0,0,0.0,0,0,0,0,0,0.0,0,0,0,0,0,0.0,0,0,0,0,0,0.0,2,40,0.199,0.199,0.0,0.0,1,668,0.0,0.0,0,0.0,0,0,0,0,0,0.0,0,0,0,0,0,0.0,0,0,0,0,0,0.0,0,0,0,0,0,0.0,0,0,0,0,0,0.0,0,0,0,0,0,0.0,0,0,0,0,0,0.0,0,0,0,0,0,0.0,1,20,0.0,0.0,0.0,0.0,0,0,0,0,0,0.0,0,0,0,0,0,0.0,2,13050,0.096,0.096,0.0,27000000.0,0,0,0,0,0,0.0,0,0,0,0,0,0.0,0,0,0,0,0,0.0,0,0,0,0,0,0.0,0,0,0,0,0,0.0,0,0,0,0,0,0.0,2,17728,0.089,0.089,0.0,9500000.0,0,0,0,0,0,0.0,0,0,0,0,0,0.0,0,0,0,0,0,0.0,0,0,0,0,0,0.0,2,731,0.098,0.098,0.0,26000000.0,0,0,0,0,0,0.0,0,0,0,0,0,0.0,0,0,0,0,0,0.0,0,0,0,0,0,0.0,0,0,0,0,0,0.0,0,0,0,0,0,0.0,3,1309,0.117,0.1045,0.0003125,58000000.0,0,0,0,0,0,0.0,0,0,0,0,0,0.0,0,0,0.0,0.0,0.0,0.0,2,40,0.198,0.198,0,-1000000.0,1,20,0.0,0.0,0,0.0,12,2892,0.023,0.0196363636364,5.05454545455e-06,1083333.33333,1,20,0.0,0.0,0,2000000.0,2,40,0.199,0.199,0,0.0,0,0,0,0,0,0.0,3,1089,0.102,0.1,8.00000000001e-06,8666666.66667,3,16194,0.102,0.1005,4.5e-06,8333333.33333,3,40218,0.102,0.1,8.00000000001e-06,8666666.66667,0,0,0,0,0,0.0,3,225,0.102,0.0995,1.25e-05,9000000.0,4,562,0.07,0.037,0.000927,0.0,46,44143,0.024,0.00522222222222,4.22222222222e-05,0.0,0,0,-3.36959663194e-06,7.97755584996e-05,1.35599701663e-05,-1.44044329565,-1.3481816393e-05,1.75096148301,-0.000375197643305,-0.000894164327042,4.13655374567e-05,4.7459348882e-05,5.86907054601e-05,-4.12320618018e-05,4.93209019137e-06,0.0,0.0,0.0,0.0,0.0,0.0,0.0,0.0,0.0,0.0,0.0,0.0,0.0,-0.000635153832348,0.00966685214899,-1.81393981005e-05,-0.110831685102,0.000104043849138,0.137572114725,-0.00491882340744,-0.00813631517919,0.00974588620287,0.0183432120796,0.0424880150066,-0.0412847642514,-1.67805258311e-05,0,0,0,0,9223372036854775807,0,9223372036854775807,0,9223372036854775807,0,9223372036854775807,0,9223372036854775807,0,9223372036854775807,0.0,0.0,9.22337203685e+18,0.0,9.22337203685e+18,0.0,9.22337203685e+18,0.0,9.22337203685e+18,0.0,9.22337203685e+18,0.0,9.22337203685e+18,0.0,0.0,9.22337203685e+18,0.0,9.22337203685e+18,0.0,9.22337203685e+18,0.0,9.22337203685e+18,0.0,9.22337203685e+18,0.0,9.22337203685e+18,0.0,0.0,9.22337203685e+18,0.0,9.22337203685e+18,0.0,9.22337203685e+18,0.0,9.22337203685e+18,0.0,9.22337203685e+18,0.0,9.22337203685e+18,0,0,9223372036854775807,0,9223372036854775807,0,9223372036854775807,0,9223372036854775807,0,9223372036854775807,0,9223372036854775807,0,9223372036854775807,0,9223372036854775807,0,9223372036854775807,0,9223372036854775807,0,9223372036854775807,0,9223372036854775807,0,9223372036854775807,0,9223372036854775807,0,9223372036854775807,0,9223372036854775807,0,9223372036854775807,0,9223372036854775807,0,9223372036854775807,0,9223372036854775807,0,9223372036854775807,0,9223372036854775807,0,0,0,0,9223372036854775807,9223372036854775807,9223372036854775807,0,0,0,0,0,0,0,0,0,0,0,0,0,0,0,0,0,0,0,0,0,0,0,0,0,0,0,0,1,0,6,0,0,0,2,3,101,0,0,0,0,0,0,0,0,0,0,0,0,0,0,0,0,0,0,0,0,0,0,0,0,1,0,11,0,0,0,0,0,0,0,0,0,0,0,0,0,0,0,0,0,0,0,0,0,0,0,0,0,0,0,0,0,0,0,0,0,0,0,0,0,0,0,0,0,0,0,0,0,0,0,0,0,0,0,0,0,0,0,0,0,0,0,0,0,0,0,0,0,0,0,0,0,0,0,0,0,0,0,0,0,0,0,0,0,0,0,0,0,0,0,0,0,0,0,0,0,0,0,0,0,0,0,0,0,0,0,0,0,0,0,0,0,0,0,0,0,0,0,0,0,0,0,0,0,0,0,0,0,0,0,0,0,0,0,0,0,0,0,0,0,0,0,0,0,0,0,0,0,0,0,0,0,0,0,0,0,0,0,0,0,0,0,0,0,0,0,0,0,0,0,0,0,0,0,0,0,0,0,0,0,0,0,0,0,0,0,0,0,0,0,0,0,0,0,0,0,0,0,0,0,0,0,0,0,0,0,0,0,0,0,0,0,0,0,0,0,0,0,0,0,0,0,0,0,0,0,0,0
1,20,0.0,0.0,0.0,0.0,14,7532,0.038,0.0183846153846,0.00024558974359,10714285.7143,251,2008,0.009,0.001,7.30923694779e-07,0.0,2,96,0.099,0.099,0.0,0.0,0,0,0,0,0,0.0,2,40,0.199,0.199,0.0,0.0,234,141570,0.044,0.000871244635193,2.64143850821e-05,0.0,0,0,0,0,0,0.0,0,0,0,0,0,0.0,1,20,0.0,0.0,0.0,2000000.0,1,326,0.0,0.0,0,0.0,12,7080,0.034,0.0187272727273,0.000216418181818,11416666.6667,0,0,0,0,0,0.0,0,0,0,0,0,0.0,2,746,0.0,0.0,0.0,160000000.0,2,18940,0.092,0.092,0.0,172000000.0,0,0,0,0,0,0.0,0,0,0,0,0,0.0,0,0,0,0,0,0.0,0,0,0,0,0,0.0,3,502,0.104,0.0955,0.0001445,204333333.333,0,0,0,0,0,0.0,0,0,0,0,0,0.0,0,0,0.0,0.0,0,0.0,2,96,0.1,0.1,0.0,0.0,12,8616,0.035,0.0186363636364,0.000221254545455,10333333.3333,0,0,0,0,0,0.0,0,0,0,0,0,0.0,0,0,0,0,0,0.0,1,71,0.0,0.0,0.0,0.0,0,0,0,0,0,0.0,0,0,0,0,0,0.0,0,0,0,0,0,0.0,0,0,0,0,0,0.0,0,0,0,0,0,0.0,0,0,0,0,0,0.0,0,0,0,0,0,0.0,1,880,0.0,0.0,0,0.0,1,72,0.0,0.0,0.0,0.0,0,0,0,0,0,0.0,0,0,0,0,0,0.0,0,0,0,0,0,0.0,0,0,0,0,0,0.0,0,0,0,0,0,0.0,0,0,0,0,0,0.0,0,0,0,0,0,0.0,0,0,0,0,0,0.0,1,20,0.0,0.0,0.0,0.0,1,668,0.0,0.0,0,0.0,0,0,0,0,0,0.0,0,0,0,0,0,0.0,0,0,0,0,0,0.0,0,0,0,0,0,0.0,0,0,0,0,0,0.0,0,0,0,0,0,0.0,0,0,0,0,0,0.0,0,0,0,0,0,0.0,1,20,0.0,0.0,0.0,0.0,0,0,0,0,0,0.0,0,0,0,0,0,0.0,2,13050,0.119,0.119,0.0,39500000.0,0,0,0,0,0,0.0,0,0,0,0,0,0.0,0,0,0,0,0,0.0,0,0,0,0,0,0.0,0,0,0,0,0,0.0,0,0,0,0,0,0.0,2,17728,0.123,0.123,0.0,14500000.0,0,0,0,0,0,0.0,0,0,0,0,0,0.0,0,0,0,0,0,0.0,0,0,0,0,0,0.0,2,142,0.118,0.118,0.0,38000000.0,0,0,0,0,0,0.0,0,0,0,0,0,0.0,0,0,0,0,0,0.0,0,0,0,0,0,0.0,0,0,0,0,0,0.0,0,0,0,0,0,0.0,2,259,0.115,0.115,0.0,66500000.0,0,0,0,0,0,0.0,0,0,0,0,0,0.0,20,3809,0.001,0.000105263157895,9.94152046783e-08,0.0,1,20,0.0,0.0,0,1000000.0,1,20,0.0,0.0,0,6000000.0,13,3133,0.022,0.02,1.09090909091e-06,307692.307692,1,20,0.0,0.0,0,0.0,1,20,0.0,0.0,0,1000000.0,0,0,0,0,0,0.0,2,726,0.095,0.095,0.0,8500000.0,2,10796,0.096,0.096,0.0,8000000.0,2,26812,0.096,0.096,0.0,8000000.0,0,0,0,0,0,0.0,2,150,0.096,0.096,0.0,8000000.0,16,2375,0.034,0.0130666666667,0.00014320952381,0.0,48,49945,0.02,0.00521276595745,3.71711378353e-05,0.0,0,0,-3.36301555492e-06,7.83577517058e-05,1.35617857939e-05,-1.46753358342,-1.34806617735e-05,1.78355325131,-0.00037510693594,-0.000894099129697,4.13521806397e-05,4.74603757121e-05,5.87040928615e-05,-4.12330273854e-05,4.93537466806e-06,0.0,0.0,0.0,0.0,0.0,0.0,0.0,0.0,0.0,0.0,0.0,0.0,0.0,-0.000628589279001,0.00923060188733,-1.81408531861e-05,-0.115574396481,0.000105514213025,0.134877025568,-0.00483050643513,-0.0080718669622,0.00973195024646,0.0183437429626,0.0425012449388,-0.0412847646037,-1.35222165578e-05,0,0,0,0,9223372036854775807,0,9223372036854775807,0,9223372036854775807,0,9223372036854775807,0,9223372036854775807,0,9223372036854775807,6.0,9.89999961853,0.0,5.49999980927,5.04876205171,10469376.0,10469376.0,10469376.0,0.0,486219776.0,486219776.0,486219776.0,0.0,6.0,10.0,0.0,7.53999996185,4.25299889416,15544320.0,15544320.0,15544320.0,0.0,472285184.0,472285184.0,472285184.0,0.0,0.0,0.0,9.22337203685e+18,0.0,9.22337203685e+18,0.0,9.22337203685e+18,0.0,9.22337203685e+18,0.0,9.22337203685e+18,0.0,9.22337203685e+18,0,0,9223372036854775807,0,9223372036854775807,0,9223372036854775807,0,9223372036854775807,0,9223372036854775807,0,9223372036854775807,0,9223372036854775807,0,9223372036854775807,0,9223372036854775807,0,9223372036854775807,0,9223372036854775807,0,9223372036854775807,0,9223372036854775807,0,9223372036854775807,0,9223372036854775807,0,9223372036854775807,0,9223372036854775807,0,9223372036854775807,0,9223372036854775807,0,9223372036854775807,0,9223372036854775807,0,9223372036854775807,0,0,0,0,9223372036854775807,9223372036854775807,9223372036854775807,0,1,0,6,1,0,51,0,0,0,2,0,22,0,0,0,1,0,6,0,0,0,0,0,0,0,0,0,0,0,0,1,0,3,0,0,0,0,0,0,0,0,0,1,0,12,0,0,0,0,0,0,0,0,0,0,0,0,0,0,0,0,0,0,0,0,0,0,0,0,0,0,0,0,0,0,1,0,41,0,0,0,0,0,0,0,0,0,0,0,0,0,0,0,0,0,0,0,0,0,0,0,0,0,0,0,0,0,0,0,0,0,0,0,0,0,0,0,0,0,0,0,0,0,0,0,0,0,0,0,0,0,0,0,0,0,0,0,0,0,0,0,1,0,5,1,0,5,0,0,0,0,0,0,0,0,0,0,0,0,0,0,0,0,0,0,0,0,0,0,0,0,0,0,0,0,0,0,0,0,0,0,0,0,0,0,0,0,0,0,0,0,0,0,0,0,0,0,0,0,0,0,0,0,0,0,0,0,0,0,0,0,0,0,0,0,0,0,0,0,0,0,0,0,0,0,0,0,0,0,0,0,0,0,0,0,0,0,0,0,0,0,0,0,0,0,0,0,0,0,0,0,0,1,0,6,2,0,101,0,0,0,0,0,0,0,0,0,0,0,0,3,0,30,0,0,0,0,0,0,0,0,0,0,0,0,0,0,0
1,20,0.0,0.0,0.0,0.0,13,6994,0.037,0.0185,0.000269545454545,9153846.15385,253,2024,0.006,0.000992063492063,5.49737557706e-07,0.0,3,144,0.103,0.1005,1.25e-05,0.0,0,0,0,0,0,0.0,1,20,0.0,0.0,0.0,1000000.0,275,166375,0.037,0.000883211678832,2.79936365338e-05,0.0,0,0,0,0,0,0.0,0,0,0,0,0,0.0,2,40,0.193,0.193,0.0,500000.0,1,326,0.0,0.0,0,0.0,13,7670,0.037,0.0191666666667,0.000258515151515,13615384.6154,0,0,0,0,0,0.0,0,0,0,0,0,0.0,4,1492,0.202,0.0676666666667,0.0135343333333,158250000.0,2,18947,0.103,0.103,0.0,161000000.0,0,0,0,0,0,0.0,0,0,0,0,0,0.0,0,0,0,0,0,0.0,0,0,0,0,0,0.0,2,309,0.1,0.1,0.0,191500000.0,0,0,0,0,0,0.0,0,0,0,0,0,0.0,0,0,0.0,0.0,0,0.0,3,144,0.098,0.097,2e-06,0.0,13,9334,0.037,0.01925,0.000276568181818,15692307.6923,0,0,0,0,0,0.0,0,0,0,0,0,0.0,0,0,0,0,0,0.0,2,142,0.203,0.203,0.0,1500000.0,0,0,0,0,0,0.0,0,0,0,0,0,0.0,0,0,0,0,0,0.0,0,0,0,0,0,0.0,0,0,0,0,0,0.0,0,0,0,0,0,0.0,0,0,0,0,0,0.0,1,880,0.0,0.0,0,-1000000.0,2,144,0.2,0.2,0.0,-500000.0,0,0,0,0,0,0.0,0,0,0,0,0,0.0,0,0,0,0,0,0.0,0,0,0,0,0,0.0,0,0,0,0,0,0.0,0,0,0,0,0,0.0,0,0,0,0,0,0.0,0,0,0,0,0,0.0,1,20,0.0,0.0,0.0,0.0,1,668,0.0,0.0,0,0.0,0,0,0,0,0,0.0,0,0,0,0,0,0.0,0,0,0,0,0,0.0,0,0,0,0,0,0.0,0,0,0,0,0,0.0,0,0,0,0,0,0.0,0,0,0,0,0,0.0,0,0,0,0,0,0.0,2,40,0.197,0.197,0.0,500000.0,0,0,0,0,0,0.0,0,0,0,0,0,0.0,2,13050,0.117,0.117,0.0,32000000.0,0,0,0,0,0,0.0,0,0,0,0,0,0.0,0,0,0,0,0,0.0,0,0,0,0,0,0.0,0,0,0,0,0,0.0,0,0,0,0,0,0.0,2,17728,0.111,0.111,0.0,8000000.0,0,0,0,0,0,0.0,0,0,0,0,0,0.0,0,0,0,0,0,0.0,0,0,0,0,0,0.0,2,142,0.119,0.119,0.0,31000000.0,0,0,0,0,0,0.0,0,0,0,0,0,0.0,0,0,0,0,0,0.0,0,0,0,0,0,0.0,0,0,0,0,0,0.0,0,0,0,0,0,0.0,2,295,0.115,0.115,0.0,59000000.0,0,0,0,0,0,0.0,0,0,0,0,0,0.0,10,1913,0.0,0.0,0.0,0.0,1,20,0.0,0.0,0,2000000.0,2,40,0.204,0.204,0,-500000.0,12,2892,0.026,0.02,7.4e-06,583333.333333,1,20,0.0,0.0,0,0.0,1,20,0.0,0.0,0,0.0,0,0,0,0,0,0.0,3,1089,0.103,0.1015,4.50000000001e-06,8000000.0,3,16194,0.103,0.1015,4.50000000001e-06,8000000.0,3,40218,0.103,0.1015,4.50000000001e-06,8000000.0,0,0,0,0,0,0.0,3,225,0.103,0.1015,4.50000000001e-06,8000000.0,7,1020,0.066,0.0233333333333,0.000499466666667,0.0,47,46426,0.019,0.00536956521739,3.3615942029e-05,0.0,0,0,-3.37509217996e-06,3.68524304042e-05,1.35590694645e-05,-1.49819567818,-1.34762969655e-05,1.81807359407,-0.000374548894082,-0.000893538844369,4.13037405957e-05,4.74210034271e-05,5.85578955086e-05,-4.11973027852e-05,4.94891194958e-06,0.0,0.0,0.0,0.0,0.0,0.0,0.0,0.0,0.0,0.0,0.0,0.0,0.0,-0.000625629666472,0.00871576886074,-1.85779346592e-05,-0.121056930037,0.000109634718105,0.130780306565,-0.00454324325816,-0.00818274487628,0.00968071505874,0.0182969453096,0.042384895964,-0.0412728308292,-5.67500598201e-06,0,0,0,0,9223372036854775807,0,9223372036854775807,0,9223372036854775807,0,9223372036854775807,0,9223372036854775807,0,9223372036854775807,6.0,11.0,0.0,4.06000003815,5.59177972561,10469376.0,10469376.0,10469376.0,0.0,486219776.0,486219776.0,486219776.0,0.0,0.0,0.0,9.22337203685e+18,0.0,9.22337203685e+18,0.0,9.22337203685e+18,0.0,9.22337203685e+18,0.0,9.22337203685e+18,0.0,9.22337203685e+18,0.0,0.0,9.22337203685e+18,0.0,9.22337203685e+18,0.0,9.22337203685e+18,0.0,9.22337203685e+18,0.0,9.22337203685e+18,0.0,9.22337203685e+18,0,0,9223372036854775807,0,9223372036854775807,0,9223372036854775807,0,9223372036854775807,0,9223372036854775807,0,9223372036854775807,0,9223372036854775807,0,9223372036854775807,0,9223372036854775807,0,9223372036854775807,0,9223372036854775807,0,9223372036854775807,0,9223372036854775807,0,9223372036854775807,0,9223372036854775807,0,9223372036854775807,0,9223372036854775807,0,9223372036854775807,0,9223372036854775807,0,9223372036854775807,0,9223372036854775807,0,9223372036854775807,0,0,0,0,9223372036854775807,9223372036854775807,9223372036854775807,0,0,0,0,0,0,0,0,0,0,0,0,0,0,0,0,0,0,0,0,0,0,0,0,0,0,0,0,1,0,5,0,0,0,1,0,51,0,0,0,0,0,0,0,0,0,0,0,0,0,0,0,0,0,0,0,0,0,0,0,0,0,0,0,0,0,0,0,0,0,0,0,0,2,0,20,1,0,51,0,0,0,0,0,0,0,0,0,1,0,6,0,0,0,0,0,0,0,0,0,0,0,0,0,0,0,0,0,0,0,0,0,0,0,0,0,0,0,0,0,0,0,0,0,0,0,0,0,0,0,0,0,0,0,0,0,0,0,0,0,0,0,0,0,0,0,0,0,0,0,0,0,0,0,0,0,0,0,0,0,0,0,0,0,0,0,0,0,0,0,0,0,0,0,0,0,0,0,0,0,0,0,0,0,0,0,0,0,0,0,0,0,0,0,0,0,0,0,0,0,0,0,0,0,0,0,0,0,0,0,0,0,0,0,0,0,0,0,0,0,0,0,0,0,0,0,0,0,0,0,0,0,0,0,0,0,0,0,0,0,0,0,0,0,0,0,0,0,0,0,0,0,0,0,0,0,0,0,0,0,0,0,1,0,5,0,0,0,0,0,0,0,0,0,0,0,0,0,0,0,0,0,0,0,0,0,0,0,0
1,20,0.0,0.0,0.0,-1000000.0,13,6994,0.038,0.0204166666667,0.000257356060606,7307692.30769,251,2008,0.009,0.001,1.32530120482e-06,0.0,2,96,0.097,0.097,0.0,0.0,1,574,0,0,0,0.0,1,20,0.0,0.0,0.0,0.0,242,146410,0.039,0.000867219917012,2.68739626556e-05,0.0,0,0,0,0,0,0.0,0,0,0,0,0,0.0,1,20,0.0,0.0,0.0,0.0,0,0,0.0,0.0,0,0.0,12,7080,0.045,0.0214545454545,0.000332872727273,12250000.0,0,0,0,0,0,0.0,0,0,0,0,0,0.0,2,746,0.0,0.0,0.0,161000000.0,3,28383,0.1,0.097,1.8e-05,170666666.667,0,0,0,0,0,0.0,0,0,0,0,0,0.0,0,0,0,0,0,0.0,0,0,0,0,0,0.0,3,510,0.1,0.0975,1.25e-05,202000000.0,0,0,0,0,0,0.0,0,0,0,0,0,0.0,0,0,0.0,0.0,0,0.0,2,96,0.103,0.103,0.0,0.0,11,7898,0.038,0.0205,0.000255611111111,10636363.6364,0,0,0,0,0,0.0,0,0,0,0,0,0.0,0,0,0,0,0,0.0,1,71,0.0,0.0,0.0,0.0,0,0,0,0,0,0.0,0,0,0,0,0,0.0,0,0,0,0,0,0.0,0,0,0,0,0,0.0,0,0,0,0,0,0.0,0,0,0,0,0,0.0,0,0,0,0,0,0.0,1,880,0.0,0.0,0,0.0,1,72,0.0,0.0,0.0,0.0,0,0,0,0,0,0.0,0,0,0,0,0,0.0,0,0,0,0,0,0.0,0,0,0,0,0,0.0,0,0,0,0,0,0.0,0,0,0,0,0,0.0,0,0,0,0,0,0.0,0,0,0,0,0,0.0,1,20,0.0,0.0,0.0,0.0,1,668,0.0,0.0,0,0.0,0,0,0,0,0,0.0,0,0,0,0,0,0.0,0,0,0,0,0,0.0,0,0,0,0,0,0.0,0,0,0,0,0,0.0,0,0,0,0,0,0.0,0,0,0,0,0,0.0,0,0,0,0,0,0.0,1,20,0.0,0.0,0.0,1000000.0,0,0,0,0,0,0.0,0,0,0,0,0,0.0,2,13050,0.122,0.122,0.0,38500000.0,0,0,0,0,0,0.0,0,0,0,0,0,0.0,0,0,0,0,0,0.0,0,0,0,0,0,0.0,0,0,0,0,0,0.0,0,0,0,0,0,0.0,3,26592,0.123,0.118,5e-05,12000000.0,0,0,0,0,0,0.0,0,0,0,0,0,0.0,0,0,0,0,0,0.0,0,0,0,0,0,0.0,2,142,0.12,0.12,0.0,37500000.0,0,0,0,0,0,0.0,0,0,0,0,0,0.0,0,0,0,0,0,0.0,0,0,0,0,0,0.0,0,0,0,0,0,0.0,0,0,0,0,0,0.0,2,259,0.122,0.122,0.0,64500000.0,0,0,0,0,0,0.0,0,0,0,0,0,0.0,0,0,0.0,0.0,0.0,0.0,1,20,0.0,0.0,0,0.0,1,20,0.0,0.0,0,2000000.0,13,3133,0.025,0.02,1.23636363636e-05,615384.615385,2,40,0.2,0.2,0,-500000.0,1,20,0.0,0.0,0,0.0,0,0,0,0,0,0.0,2,726,0.103,0.103,0.0,6000000.0,2,10796,0.104,0.104,0.0,5500000.0,2,26812,0.104,0.104,0.0,5500000.0,0,0,0,0,0,0.0,2,150,0.104,0.104,0.0,5500000.0,17,2533,0.053,0.01175,0.0002414,0.0,47,47662,0.021,0.00532608695652,3.92913043478e-05,0.0,0,0,-3.52972019968e-06,4.0788048854e-05,1.36199135721e-05,-1.5277408503,-1.34829004006e-05,1.84898505179,-0.000372592015143,-0.00089548489819,4.11425836537e-05,4.74752375723e-05,5.84652122866e-05,-4.12629032528e-05,4.99897188266e-06,0.0,0.0,0.0,0.0,0.0,0.0,0.0,0.0,0.0,0.0,0.0,0.0,0.0,-0.000802089630506,0.00676966860454,-1.8438247697e-05,-0.121844450542,0.000112717634825,0.127282031066,-0.00443235971645,-0.00854034853153,0.00952069236092,0.0183419506686,0.0428434960894,-0.0413532195903,-2.97108095294e-05,0,0,0,0,9223372036854775807,0,9223372036854775807,0,9223372036854775807,0,9223372036854775807,0,9223372036854775807,0,9223372036854775807,0.0,0.0,9.22337203685e+18,0.0,9.22337203685e+18,0.0,9.22337203685e+18,0.0,9.22337203685e+18,0.0,9.22337203685e+18,0.0,9.22337203685e+18,0.0,0.0,9.22337203685e+18,0.0,9.22337203685e+18,0.0,9.22337203685e+18,0.0,9.22337203685e+18,0.0,9.22337203685e+18,0.0,9.22337203685e+18,0.0,0.0,9.22337203685e+18,0.0,9.22337203685e+18,0.0,9.22337203685e+18,0.0,9.22337203685e+18,0.0,9.22337203685e+18,0.0,9.22337203685e+18,0,0,9223372036854775807,0,9223372036854775807,0,9223372036854775807,0,9223372036854775807,0,9223372036854775807,0,9223372036854775807,0,9223372036854775807,0,9223372036854775807,0,9223372036854775807,0,9223372036854775807,0,9223372036854775807,0,9223372036854775807,0,9223372036854775807,0,9223372036854775807,0,9223372036854775807,0,9223372036854775807,0,9223372036854775807,0,9223372036854775807,0,9223372036854775807,0,9223372036854775807,0,9223372036854775807,0,9223372036854775807,0,0,0,0,9223372036854775807,9223372036854775807,9223372036854775807,0,1,0,6,0,0,0,0,0,0,0,0,0,1,0,1,0,0,0,0,0,0,0,0,0,0,0,0,0,0,0,0,0,0,0,0,0,0,0,0,0,0,0,0,0,0,1,0,11,0,0,0,0,0,0,0,0,0,0,0,0,0,0,0,0,0,0,0,0,0,0,0,0,0,0,0,0,0,0,0,0,0,0,0,0,0,0,0,0,0,0,0,0,0,0,0,0,0,0,0,0,0,0,0,0,0,0,0,0,0,0,0,0,0,0,1,0,6,0,0,0,0,0,0,0,0,0,0,0,0,0,0,0,0,0,0,0,0,0,0,0,0,1,0,6,0,0,0,0,0,0,0,0,0,0,0,0,0,0,0,0,0,0,0,0,0,0,0,0,0,0,0,1,0,6,0,0,0,0,0,0,1,0,9,0,0,0,0,0,0,0,0,0,0,0,0,0,0,0,0,0,0,1,0,9,0,0,0,0,0,0,0,0,0,0,0,0,1,0,9,0,0,0,0,0,0,0,0,0,0,0,0,0,0,0,0,0,0,1,0,9,0,0,0,0,0,0,0,0,0,1,0,6,0,0,0,0,0,0,0,0,0,0,0,0,0,0,0,1,0,11,1,0,11,1,0,10,0,0,0,1,0,10,0,0,0,0,0,0
2,40,0.197,0.197,0.0,-1500000.0,12,6456,0.035,0.0192727272727,0.000207818181818,10333333.3333,251,2008,0.01,0.001,1.8313253012e-06,0.0,3,144,0.102,0.101,2e-06,0.0,0,0,0,0,0,0.0,1,20,0.0,0.0,0.0,-1000000.0,234,141570,0.038,0.000854077253219,2.47458561492e-05,0.0,0,0,0,0,0,0.0,0,0,0,0,0,0.0,1,20,0.0,0.0,0.0,-8000000.0,1,326,0.0,0.0,0,0.0,12,7080,0.04,0.0179090909091,0.000283890909091,11750000.0,0,0,0,0,0,0.0,0,0,0,0,0,0.0,2,746,0.0,0.0,0.0,153000000.0,2,18875,0.135,0.135,0.0,178500000.0,0,0,0,0,0,0.0,0,0,0,0,0,0.0,0,0,0,0,0,0.0,0,0,0,0,0,0.0,2,324,0.108,0.108,0.0,207000000.0,0,0,0,0,0,0.0,0,0,0,0,0,0.0,0,0,0.0,0.0,0,0.0,3,144,0.1,0.0985,4.5e-06,0.0,14,10052,0.036,0.0179230769231,0.000209076923077,12285714.2857,0,0,0,0,0,0.0,0,0,0,0,0,0.0,0,0,0,0,0,0.0,1,71,0.0,0.0,0.0,0.0,0,0,0,0,0,0.0,0,0,0,0,0,0.0,0,0,0,0,0,0.0,0,0,0,0,0,0.0,0,0,0,0,0,0.0,0,0,0,0,0,0.0,0,0,0,0,0,0.0,0,0,0.0,0.0,0,0.0,1,72,0.0,0.0,0.0,-3000000.0,0,0,0,0,0,0.0,0,0,0,0,0,0.0,0,0,0,0,0,0.0,0,0,0,0,0,0.0,0,0,0,0,0,0.0,0,0,0,0,0,0.0,0,0,0,0,0,0.0,0,0,0,0,0,0.0,2,40,0.205,0.205,0.0,1000000.0,1,668,0.0,0.0,0,0.0,0,0,0,0,0,0.0,0,0,0,0,0,0.0,0,0,0,0,0,0.0,0,0,0,0,0,0.0,0,0,0,0,0,0.0,0,0,0,0,0,0.0,0,0,0,0,0,0.0,0,0,0,0,0,0.0,1,20,0.0,0.0,0.0,0.0,0,0,0,0,0,0.0,0,0,0,0,0,0.0,3,19575,0.125,0.1175,0.0001125,39000000.0,0,0,0,0,0,0.0,0,0,0,0,0,0.0,0,0,0,0,0,0.0,0,0,0,0,0,0.0,0,0,0,0,0,0.0,0,0,0,0,0,0.0,2,17728,0.108,0.108,0.0,16500000.0,0,0,0,0,0,0.0,0,0,0,0,0,0.0,0,0,0,0,0,0.0,0,0,0,0,0,0.0,3,213,0.124,0.1165,0.0001125,37000000.0,0,0,0,0,0,0.0,0,0,0,0,0,0.0,0,0,0,0,0,0.0,0,0,0,0,0,0.0,0,0,0,0,0,0.0,0,0,0,0,0,0.0,2,283,0.125,0.125,0.0,62000000.0,0,0,0,0,0,0.0,0,0,0,0,0,0.0,22,4190,0.002,0.000142857142857,2.28571428571e-07,0.0,2,40,0.199,0.199,0,0.0,1,20,0.0,0.0,0,-8000000.0,12,2892,0.026,0.02,1.62e-05,750000.0,1,20,0.0,0.0,0,0.0,2,40,0.201,0.201,0,500000.0,0,0,0,0,0,0.0,3,1089,0.099,0.098,2e-06,10333333.3333,3,16194,0.099,0.098,2e-06,10333333.3333,3,40218,0.099,0.098,2e-06,10333333.3333,0,0,0,0,0,0.0,3,225,0.099,0.098,2e-06,10333333.3333,5,691,0.097,0.03425,0.00184358333333,0.0,45,41860,0.02,0.00511363636364,3.61960887949e-05,0.0,0,0,-3.25402547396e-06,5.73973659348e-05,1.3606510807e-05,-1.55748300265,-1.34774179186e-05,1.87944221259,-0.000372723893849,-0.000893155927133,4.104140565e-05,4.72681922439e-05,5.8260752799e-05,-4.12833737963e-05,4.97288703549e-06,0.0,0.0,0.0,0.0,0.0,0.0,0.0,0.0,0.0,0.0,0.0,0.0,0.0,-0.000449122766048,0.00761300421805,-1.8768664529e-05,-0.123314285031,0.000114856256383,0.127576270253,-0.0045603559244,-0.00851581299505,0.00942670562183,0.0181349754086,0.0422193431768,-0.0413423324105,-3.34868842433e-05,0,0,0,0,9223372036854775807,0,9223372036854775807,0,9223372036854775807,0,9223372036854775807,0,9223372036854775807,0,9223372036854775807,6.0,12.1000003815,0.0,6.32000007629,5.84952998498,10469376.0,10469376.0,10469376.0,0.0,486219776.0,486219776.0,486219776.0,0.0,6.0,10.5,0.0,6.17999992371,5.64464340726,15544320.0,15544320.0,15544320.0,0.0,472285184.0,472285184.0,472285184.0,0.0,11.0,32.0,10.1000003815,20.6199998856,10.3279716819,73564160.0,65462272.0,68703027.2,3389262.91453,962531328.0,962531328.0,962531328.0,0.0,0,0,9223372036854775807,0,9223372036854775807,0,9223372036854775807,0,9223372036854775807,0,9223372036854775807,0,9223372036854775807,0,9223372036854775807,0,9223372036854775807,0,9223372036854775807,0,9223372036854775807,0,9223372036854775807,0,9223372036854775807,0,9223372036854775807,0,9223372036854775807,0,9223372036854775807,0,9223372036854775807,0,9223372036854775807,0,9223372036854775807,0,9223372036854775807,0,9223372036854775807,0,9223372036854775807,0,9223372036854775807,0,0,0,0,9223372036854775807,9223372036854775807,9223372036854775807,0,0,0,0,0,0,0,0,0,0,0,0,0,0,0,0,0,0,0,0,0,0,0,0,0,0,0,0,0,0,0,0,0,0,2,4,103,0,0,0,0,0,0,0,0,0,0,0,0,0,0,0,0,0,0,0,0,0,0,0,0,1,0,10,0,0,0,0,0,0,0,0,0,0,0,0,0,0,0,0,0,0,0,0,0,0,0,0,0,0,0,0,0,0,0,0,0,0,0,0,0,0,0,0,0,0,0,0,0,0,0,0,0,0,0,0,0,0,0,0,0,0,0,0,0,0,0,0,0,0,0,0,0,0,0,0,0,0,0,0,0,0,0,0,0,0,0,0,0,0,0,0,0,0,0,0,0,0,0,0,0,0,0,0,0,0,0,0,0,0,0,0,0,0,0,0,0,0,0,0,0,0,0,0,0,0,0,0,0,0,0,0,0,0,0,0,0,0,0,0,0,0,0,0,0,0,0,0,0,0,0,0,0,0,0,0,0,0,0,0,0,0,0,0,0,0,0,0,0,0,0,0,0,0,0,0,0,0,0,0,0,0,0,0,0,0,0,1,0,44,0,0,0,0,0,0,0,0,0,1,0,6,0,0,0,0,0,0,0,0,0,0,0,0,0,0,0,0,0,0,0,0,0,0,0,0,0,0,0
1,20,0.0,0.0,0.0,1000000.0,12,6456,0.034,0.0187272727273,0.000201618181818,12416666.6667,251,2008,0.007,0.001,5.62248995984e-07,0.0,2,96,0.1,0.1,0.0,0.0,0,0,0,0,0,0.0,2,40,0.2,0.2,0.0,0.0,271,163955,0.036,0.000877777777778,2.45463444857e-05,0.0,0,0,0,0,0,0.0,0,0,0,0,0,0.0,2,40,0.2,0.2,0.0,0.0,1,326,0.0,0.0,0,0.0,13,7670,0.037,0.0195833333333,0.000159537878788,8230769.23077,0,0,0,0,0,0.0,0,0,0,0,0,0.0,4,1492,0.085,0.0283333333333,0.00240833333333,175500000.0,3,28463,0.085,0.0795,6.05e-05,164000000.0,0,0,0,0,0,0.0,0,0,0,0,0,0.0,0,0,0,0,0,0.0,0,0,0,0,0,0.0,3,512,0.093,0.0805,0.0003125,184333333.333,0,0,0,0,0,0.0,0,0,0,0,0,0.0,0,0,0.0,0.0,0,0.0,2,96,0.1,0.1,0.0,0.0,12,8616,0.043,0.0206363636364,0.000232454545455,9333333.33333,0,0,0,0,0,0.0,0,0,0,0,0,0.0,0,0,0,0,0,0.0,1,71,0.0,0.0,0.0,0.0,0,0,0,0,0,0.0,0,0,0,0,0,0.0,0,0,0,0,0,0.0,0,0,0,0,0,0.0,0,0,0,0,0,0.0,0,0,0,0,0,0.0,0,0,0,0,0,0.0,1,850,0.0,0.0,0,1000000.0,1,72,0.0,0.0,0.0,1000000.0,0,0,0,0,0,0.0,0,0,0,0,0,0.0,0,0,0,0,0,0.0,0,0,0,0,0,0.0,0,0,0,0,0,0.0,0,0,0,0,0,0.0,0,0,0,0,0,0.0,0,0,0,0,0,0.0,1,20,0.0,0.0,0.0,0.0,1,668,0.0,0.0,0,0.0,0,0,0,0,0,0.0,0,0,0,0,0,0.0,0,0,0,0,0,0.0,0,0,0,0,0,0.0,0,0,0,0,0,0.0,0,0,0,0,0,0.0,0,0,0,0,0,0.0,0,0,0,0,0,0.0,1,20,0.0,0.0,0.0,0.0,0,0,0,0,0,0.0,0,0,0,0,0,0.0,2,13050,0.081,0.081,0.0,26500000.0,0,0,0,0,0,0.0,0,0,0,0,0,0.0,0,0,0,0,0,0.0,0,0,0,0,0,0.0,0,0,0,0,0,0.0,0,0,0,0,0,0.0,2,17728,0.097,0.097,0.0,8500000.0,0,0,0,0,0,0.0,0,0,0,0,0,0.0,0,0,0,0,0,0.0,0,0,0,0,0,0.0,2,142,0.081,0.081,0.0,26500000.0,0,0,0,0,0,0.0,0,0,0,0,0,0.0,0,0,0,0,0,0.0,0,0,0,0,0,0.0,0,0,0,0,0,0.0,0,0,0,0,0,0.0,3,447,0.1,0.0955,4.05e-05,56333333.3333,0,0,0,0,0,0.0,0,0,0,0,0,0.0,10,1913,0.0,0.0,0.0,0.0,1,20,0.0,0.0,0,0.0,1,20,0.0,0.0,0,2000000.0,13,3133,0.023,0.0199166666667,2.44696969697e-06,307692.307692,1,20,0.0,0.0,0,-1000000.0,1,20,0.0,0.0,0,0.0,0,0,0,0,0,0.0,2,726,0.102,0.102,0.0,12000000.0,2,10796,0.101,0.101,0.0,11500000.0,2,26812,0.102,0.102,0.0,12000000.0,0,0,0,0,0,0.0,2,150,0.102,0.102,0.0,12000000.0,13,1867,0.079,0.01875,0.000461840909091,0.0,46,46337,0.018,0.00528888888889,3.78464646465e-05,0.0,0,0,-3.07763477547e-06,3.01273358616e-05,1.35861890618e-05,-1.58992239242,-1.34270756966e-05,1.91221581496,-0.000376898483019,-0.000895082718384,4.18643474962e-05,4.79594187448e-05,5.7867527917e-05,-4.07715840582e-05,4.98771535362e-06,0.0,0.0,0.0,0.0,0.0,0.0,0.0,0.0,0.0,0.0,0.0,0.0,0.0,-0.00016629227718,0.0120472352738,-1.79427441137e-05,-0.126206036803,0.000106135182604,0.13436876577,-0.00491929286891,-0.0090180113961,0.0101112985181,0.0187005588357,0.042207197715,-0.0404396502774,-3.62502867702e-05,0,0,0,0,9223372036854775807,0,9223372036854775807,0,9223372036854775807,0,9223372036854775807,0,9223372036854775807,0,9223372036854775807,6.0,11.8000001907,0.0,4.28000011444,5.91202179731,10469376.0,10469376.0,10469376.0,0.0,486219776.0,486219776.0,486219776.0,0.0,0.0,0.0,9.22337203685e+18,0.0,9.22337203685e+18,0.0,9.22337203685e+18,0.0,9.22337203685e+18,0.0,9.22337203685e+18,0.0,9.22337203685e+18,0.0,0.0,9.22337203685e+18,0.0,9.22337203685e+18,0.0,9.22337203685e+18,0.0,9.22337203685e+18,0.0,9.22337203685e+18,0.0,9.22337203685e+18,0,0,9223372036854775807,0,9223372036854775807,0,9223372036854775807,0,9223372036854775807,0,9223372036854775807,0,9223372036854775807,0,9223372036854775807,0,9223372036854775807,0,9223372036854775807,0,9223372036854775807,0,9223372036854775807,0,9223372036854775807,0,9223372036854775807,0,9223372036854775807,0,9223372036854775807,0,9223372036854775807,0,9223372036854775807,0,9223372036854775807,0,9223372036854775807,0,9223372036854775807,0,9223372036854775807,0,9223372036854775807,0,0,0,0,9223372036854775807,9223372036854775807,9223372036854775807,0,0,0,0,1,0,50,0,0,0,2,0,20,0,0,0,1,0,6,0,0,0,0,0,0,0,0,0,1,0,6,1,0,3,0,0,0,0,0,0,0,0,0,0,0,0,0,0,0,0,0,0,0,0,0,0,0,0,0,0,0,0,0,0,0,0,0,0,0,0,0,0,0,0,0,0,1,0,42,0,0,0,0,0,0,0,0,0,0,0,0,0,0,0,0,0,0,0,0,0,0,0,0,0,0,0,0,0,0,0,0,0,1,0,4,0,0,0,0,0,0,0,0,0,0,0,0,0,0,0,0,0,0,0,0,0,0,0,0,0,0,0,0,0,0,0,0,0,0,0,0,0,0,0,0,0,0,0,0,0,0,0,0,0,0,0,0,0,0,0,0,0,0,0,0,0,0,0,0,0,0,0,0,0,0,0,0,0,0,0,0,0,0,0,0,0,0,0,0,0,0,0,0,0,0,0,0,0,0,0,0,0,0,0,0,0,0,0,0,0,0,0,0,0,0,0,0,0,0,0,0,0,0,0,0,0,0,0,0,0,0,0,0,0,0,0,0,0,0,0,0,0,0,0,0,0,2,0,102,0,0,0,0,0,0,0,0,0,0,0,0,3,0,30,0,0,0,0,0,0,0,0,0,0,0,0,0,0,0
1,20,0.0,0.0,0.0,1000000.0,13,6994,0.039,0.0199166666667,0.000233901515151,11923076.9231,251,2008,0.008,0.001,9.47791164659e-07,0.0,3,144,0.1,0.1,0.0,0.0,0,0,0,0,0,0.0,1,20,0.0,0.0,0.0,1000000.0,238,143990,0.042,0.000873417721519,2.70178073375e-05,0.0,0,0,0,0,0,0.0,0,0,0,0,0,0.0,1,20,0.0,0.0,0.0,3000000.0,0,0,0.0,0.0,0,0.0,13,7670,0.046,0.0185,0.000278818181818,10615384.6154,0,0,0,0,0,0.0,0,0,0,0,0,0.0,2,746,0.0,0.0,0.0,151000000.0,2,18920,0.128,0.128,0.0,167000000.0,0,0,0,0,0,0.0,0,0,0,0,0,0.0,0,0,0,0,0,0.0,0,0,0,0,0,0.0,2,311,0.137,0.137,0.0,202500000.0,0,0,0,0,0,0.0,0,0,0,0,0,0.0,0,0,0.0,0.0,0,0.0,3,144,0.1,0.1,0.0,0.0,13,9334,0.037,0.01925,0.000272568181818,15615384.6154,0,0,0,0,0,0.0,0,0,0,0,0,0.0,0,0,0,0,0,0.0,2,142,0.206,0.206,0.0,2000000.0,0,0,0,0,0,0.0,0,0,0,0,0,0.0,0,0,0,0,0,0.0,0,0,0,0,0,0.0,0,0,0,0,0,0.0,0,0,0,0,0,0.0,0,0,0,0,0,0.0,1,850,0.0,0.0,0,0.0,2,144,0.2,0.2,0.0,0.0,0,0,0,0,0,0.0,0,0,0,0,0,0.0,0,0,0,0,0,0.0,0,0,0,0,0,0.0,0,0,0,0,0,0.0,0,0,0,0,0,0.0,0,0,0,0,0,0.0,0,0,0,0,0,0.0,1,20,0.0,0.0,0.0,-1000000.0,1,668,0.0,0.0,0,0.0,0,0,0,0,0,0.0,0,0,0,0,0,0.0,0,0,0,0,0,0.0,0,0,0,0,0,0.0,0,0,0,0,0,0.0,0,0,0,0,0,0.0,0,0,0,0,0,0.0,0,0,0,0,0,0.0,2,40,0.2,0.2,0.0,0.0,0,0,0,0,0,0.0,0,0,0,0,0,0.0,2,13050,0.155,0.155,0.0,46500000.0,0,0,0,0,0,0.0,0,0,0,0,0,0.0,0,0,0,0,0,0.0,0,0,0,0,0,0.0,0,0,0,0,0,0.0,0,0,0,0,0,0.0,2,17728,0.129,0.129,0.0,12500000.0,0,0,0,0,0,0.0,0,0,0,0,0,0.0,0,0,0,0,0,0.0,0,0,0,0,0,0.0,2,142,0.157,0.157,0.0,44500000.0,0,0,0,0,0,0.0,0,0,0,0,0,0.0,0,0,0,0,0,0.0,0,0,0,0,0,0.0,0,0,0,0,0,0.0,0,0,0,0,0,0.0,2,299,0.154,0.154,0.0,78000000.0,0,0,0,0,0,0.0,0,0,0,0,0,0.0,0,0,0.0,0.0,0.0,0.0,1,20,0.0,0.0,0,1000000.0,2,40,0.202,0.202,0,2000000.0,12,2892,0.027,0.0204545454545,1.38727272727e-05,1250000.0,1,20,0.0,0.0,0,0.0,1,20,0.0,0.0,0,0.0,0,0,0,0,0,0.0,3,1089,0.1,0.0975,1.25e-05,6333333.33333,3,16194,0.1,0.0975,1.25e-05,6333333.33333,3,40218,0.1,0.0975,1.25e-05,6333333.33333,0,0,0,0,0,0.0,3,225,0.1,0.0975,1.25e-05,6333333.33333,11,1714,0.081,0.0207,0.0006369,0.0,46,44143,0.022,0.00511111111111,3.92373737374e-05,0.0,0,0,-3.09778842134e-06,3.69480895319e-05,1.35745510352e-05,-1.62265229009,-1.33871719283e-05,1.94466603482,-0.000376875479059,-0.000891824052291,4.16708383613e-05,4.76325481156e-05,5.73506968919e-05,-4.07750322653e-05,4.97772140484e-06,0.0,0.0,0.0,0.0,0.0,0.0,0.0,0.0,0.0,0.0,0.0,0.0,0.0,-0.000160692461458,0.0126892507691,-1.86400258734e-05,-0.127031650755,0.000110616299384,0.133562401066,-0.00517970351358,-0.00909579043392,0.00997637240586,0.0184336069009,0.041390271079,-0.0404406837518,-3.16121160665e-05,0,0,0,0,9223372036854775807,0,9223372036854775807,0,9223372036854775807,0,9223372036854775807,0,9223372036854775807,0,9223372036854775807,0.0,0.0,9.22337203685e+18,0.0,9.22337203685e+18,0.0,9.22337203685e+18,0.0,9.22337203685e+18,0.0,9.22337203685e+18,0.0,9.22337203685e+18,0.0,0.0,9.22337203685e+18,0.0,9.22337203685e+18,0.0,9.22337203685e+18,0.0,9.22337203685e+18,0.0,9.22337203685e+18,0.0,9.22337203685e+18,0.0,0.0,9.22337203685e+18,0.0,9.22337203685e+18,0.0,9.22337203685e+18,0.0,9.22337203685e+18,0.0,9.22337203685e+18,0.0,9.22337203685e+18,0,0,9223372036854775807,0,9223372036854775807,0,9223372036854775807,0,9223372036854775807,0,9223372036854775807,0,9223372036854775807,0,9223372036854775807,0,9223372036854775807,0,9223372036854775807,0,9223372036854775807,0,9223372036854775807,0,9223372036854775807,0,9223372036854775807,0,9223372036854775807,0,9223372036854775807,0,9223372036854775807,0,9223372036854775807,0,9223372036854775807,0,9223372036854775807,0,9223372036854775807,0,9223372036854775807,0,9223372036854775807,0,0,0,0,9223372036854775807,9223372036854775807,9223372036854775807,0,1,0,6,0,0,0,0,0,0,0,0,0,0,0,0,0,0,0,0,0,0,0,0,0,0,0,0,1,0,6,0,0,0,1,0,52,0,0,0,0,0,0,1,0,14,0,0,0,0,0,0,0,0,0,0,0,0,0,0,0,0,0,0,0,0,0,0,0,0,0,0,0,2,0,22,1,0,52,0,0,0,0,0,0,0,0,0,1,0,6,0,0,0,0,0,0,0,0,0,0,0,0,0,0,0,0,0,0,0,0,0,0,0,0,0,0,0,0,0,0,0,0,0,0,0,0,0,0,0,0,0,0,0,0,0,0,0,0,0,0,0,1,0,6,1,0,5,0,0,0,0,0,0,0,0,0,0,0,0,0,0,0,0,0,0,0,0,0,0,0,0,0,0,0,0,0,0,0,0,0,0,0,0,0,0,0,0,0,0,0,0,0,0,0,0,0,0,0,0,0,0,0,0,0,0,0,0,0,0,0,0,0,0,0,0,0,0,0,0,0,0,0,0,0,0,0,0,0,0,0,0,0,0,0,0,0,0,0,0,0,0,0,0,0,0,0,0,0,0,0,0,0,1,0,6,0,0,0,0,0,0,0,0,0,0,0,0,0,0,0,0,0,0,0,0,0,0,0,0,0,0,0,0,0,0,0,0,0
1,20,0.0,0.0,0.0,0.0,13,6994,0.044,0.0191666666667,0.000276151515152,10769230.7692,251,2008,0.015,0.000984,1.52584738956e-06,0.0,2,96,0.1,0.1,0.0,0.0,0,0,0,0,0,0.0,1,20,0.0,0.0,0.0,0.0,262,158510,0.038,0.000915708812261,2.65697907457e-05,0.0,0,0,0,0,0,0.0,0,0,0,0,0,0.0,1,20,0.0,0.0,0.0,0.0,1,326,0.0,0.0,0,0.0,12,7080,0.037,0.0201818181818,0.000249363636364,11416666.6667,0,0,0,0,0,0.0,0,0,0,0,0,0.0,4,1492,0.112,0.0373333333333,0.00418133333333,175000000.0,3,28355,0.111,0.1,0.000242,174000000.0,0,0,0,0,0,0.0,0,0,0,0,0,0.0,0,0,0,0,0,0.0,0,0,0,0,0,0.0,3,465,0.114,0.1,0.000392,208000000.0,0,0,0,0,0,0.0,0,0,0,0,0,0.0,0,0,0.0,0.0,0,0.0,2,96,0.099,0.099,0.0,0.0,12,8616,0.034,0.0198181818182,0.000140763636364,6833333.33333,0,0,0,0,0,0.0,0,0,0,0,0,0.0,0,0,0,0,0,0.0,1,71,0.0,0.0,0.0,0.0,0,0,0,0,0,0.0,0,0,0,0,0,0.0,0,0,0,0,0,0.0,0,0,0,0,0,0.0,0,0,0,0,0,0.0,0,0,0,0,0,0.0,0,0,0,0,0,0.0,0,0,0.0,0.0,0,0.0,1,72,0.0,0.0,0.0,0.0,0,0,0,0,0,0.0,0,0,0,0,0,0.0,0,0,0,0,0,0.0,0,0,0,0,0,0.0,0,0,0,0,0,0.0,0,0,0,0,0,0.0,0,0,0,0,0,0.0,0,0,0,0,0,0.0,1,20,0.0,0.0,0.0,2000000.0,1,668,0.0,0.0,0,0.0,0,0,0,0,0,0.0,0,0,0,0,0,0.0,0,0,0,0,0,0.0,0,0,0,0,0,0.0,0,0,0,0,0,0.0,0,0,0,0,0,0.0,0,0,0,0,0,0.0,0,0,0,0,0,0.0,1,20,0.0,0.0,0.0,0.0,0,0,0,0,0,0.0,0,0,0,0,0,0.0,1,6525,0.0,0.0,0.0,47000000.0,0,0,0,0,0,0.0,0,0,0,0,0,0.0,0,0,0,0,0,0.0,0,0,0,0,0,0.0,0,0,0,0,0,0.0,0,0,0,0,0,0.0,2,17728,0.138,0.138,0.0,10500000.0,0,0,0,0,0,0.0,0,0,0,0,0,0.0,0,0,0,0,0,0.0,0,0,0,0,0,0.0,1,71,0.0,0.0,0.0,47000000.0,0,0,0,0,0,0.0,0,0,0,0,0,0.0,0,0,0,0,0,0.0,0,0,0,0,0,0.0,0,0,0,0,0,0.0,0,0,0,0,0,0.0,1,143,0.0,0.0,0.0,90000000.0,0,0,0,0,0,0.0,0,0,0,0,0,0.0,10,1913,0.0,0.0,0.0,0.0,1,20,0.0,0.0,0,1000000.0,1,20,0.0,0.0,0,0.0,13,3133,0.034,0.02,4.25454545455e-05,1846153.84615,2,40,0.205,0.205,0,0.0,1,20,0.0,0.0,0,0.0,0,0,0,0,0,0.0,2,726,0.109,0.109,0.0,8500000.0,2,10796,0.114,0.114,0.0,6000000.0,2,26812,0.114,0.114,0.0,6000000.0,0,0,0,0,0,0.0,2,150,0.109,0.109,0.0,8500000.0,9,1270,0.086,0.023625,0.000969696428571,0.0,46,45379,0.023,0.00533333333333,3.89545454545e-05,0.0,0,0,-3.1278482302e-06,2.87510046748e-05,1.35728796335e-05,-1.65324817668,-1.33795426178e-05,1.97429760241,-0.000376207540124,-0.000893164453134,4.17502809462e-05,4.7838276382e-05,5.76327849e-05,-4.08075641505e-05,5.01120654839e-06,0.0,0.0,0.0,0.0,0.0,0.0,0.0,0.0,0.0,0.0,0.0,0.0,0.0,-0.00017111580505,0.0127244741272,-1.90094422774e-05,-0.12702649876,0.000114205786061,0.132361535687,-0.00471853294594,-0.00947507989622,0.0100669063133,0.0186038091244,0.0418247806607,-0.0404054377214,-2.42874174903e-05,0,0,0,0,9223372036854775807,0,9223372036854775807,0,9223372036854775807,0,9223372036854775807,0,9223372036854775807,0,9223372036854775807,6.0,10.3999996185,0.0,6.15999984741,5.6256553736,10469376.0,10469376.0,10469376.0,0.0,486219776.0,486219776.0,486219776.0,0.0,0.0,0.0,9.22337203685e+18,0.0,9.22337203685e+18,0.0,9.22337203685e+18,0.0,9.22337203685e+18,0.0,9.22337203685e+18,0.0,9.22337203685e+18,0.0,0.0,9.22337203685e+18,0.0,9.22337203685e+18,0.0,9.22337203685e+18,0.0,9.22337203685e+18,0.0,9.22337203685e+18,0.0,9.22337203685e+18,0,0,9223372036854775807,0,9223372036854775807,0,9223372036854775807,0,9223372036854775807,0,9223372036854775807,0,9223372036854775807,0,9223372036854775807,0,9223372036854775807,0,9223372036854775807,0,9223372036854775807,0,9223372036854775807,0,9223372036854775807,0,9223372036854775807,0,9223372036854775807,0,9223372036854775807,0,9223372036854775807,0,9223372036854775807,0,9223372036854775807,0,9223372036854775807,0,9223372036854775807,0,9223372036854775807,0,9223372036854775807,0,0,0,0,9223372036854775807,9223372036854775807,9223372036854775807,0,0,0,0,0,0,0,0,0,0,0,0,0,0,0,0,0,0,0,0,0,0,0,0,0,0,0,0,0,0,0,0,0,0,0,0,0,0,0,0,0,0,0,0,0,0,1,0,10,0,0,0,0,0,0,0,0,0,0,0,0,0,0,0,0,0,0,0,0,0,0,0,0,0,0,0,0,0,0,0,0,0,0,0,0,0,0,0,0,0,0,0,0,0,0,0,0,0,0,0,0,0,0,0,0,0,0,0,0,0,0,0,0,0,0,0,0,0,0,0,0,0,0,0,0,0,0,0,0,0,0,0,0,0,0,0,0,0,0,0,0,0,1,0,5,0,0,0,0,0,0,0,0,0,0,0,0,0,0,0,0,0,0,0,0,0,0,0,0,0,0,0,0,0,0,0,0,0,0,0,0,0,0,0,0,0,0,0,0,0,0,0,0,0,0,0,0,0,0,0,0,0,1,0,9,0,0,0,0,0,0,0,0,0,0,0,0,0,0,0,0,0,0,0,0,0,0,0,0,0,0,0,0,0,0,0,0,0,0,0,0,0,0,0,0,0,0,0,0,0,0,0,0,0,0,0,0,0,0,0,0,0,1,0,6,0,0,0,1,0,10,1,0,11,1,0,10,0,0,0,1,0,10,0,0,0,0,0,0
2,40,0.211,0.211,0.0,6500000.0,12,6456,0.033,0.0205454545455,0.000187872727273,9833333.33333,249,1992,0.013,0.001,1.36842105263e-06,0.0,3,144,0.1,0.0995,5.00000000001e-07,0.0,0,0,0,0,0,0.0,1,20,0.0,0.0,0.0,0.0,240,145200,0.039,0.000887029288703,2.61090327344e-05,0.0,0,0,0,0,0,0.0,0,0,0,0,0,0.0,1,20,0.0,0.0,0.0,0.0,1,326,0.0,0.0,0,0.0,13,7670,0.034,0.01875,0.000220568181818,12692307.6923,0,0,0,0,0,0.0,0,0,0,0,0,0.0,4,1492,0.191,0.0636666666667,0.0121603333333,155000000.0,3,28359,0.1,0.0965,2.45e-05,154666666.667,0,0,0,0,0,0.0,0,0,0,0,0,0.0,0,0,0,0,0,0.0,0,0,0,0,0,0.0,2,322,0.085,0.085,0.0,176000000.0,0,0,0,0,0,0.0,0,0,0,0,0,0.0,1,76,0.0,0.0,0,0.0,3,144,0.099,0.099,0.0,0.0,13,9334,0.034,0.0190833333333,0.000200083333333,11692307.6923,0,0,0,0,0,0.0,0,0,0,0,0,0.0,0,0,0,0,0,0.0,1,71,0.0,0.0,0.0,0.0,0,0,0,0,0,0.0,0,0,0,0,0,0.0,0,0,0,0,0,0.0,0,0,0,0,0,0.0,0,0,0,0,0,0.0,0,0,0,0,0,0.0,0,0,0,0,0,0.0,1,850,0.0,0.0,0,0.0,1,72,0.0,0.0,0.0,0.0,0,0,0,0,0,0.0,0,0,0,0,0,0.0,0,0,0,0,0,0.0,0,0,0,0,0,0.0,0,0,0,0,0,0.0,0,0,0,0,0,0.0,0,0,0,0,0,0.0,0,0,0,0,0,0.0,2,40,0.211,0.211,0.0,5500000.0,1,668,0.0,0.0,0,0.0,0,0,0,0,0,0.0,0,0,0,0,0,0.0,0,0,0,0,0,0.0,0,0,0,0,0,0.0,0,0,0,0,0,0.0,0,0,0,0,0,0.0,0,0,0,0,0,0.0,0,0,0,0,0,0.0,1,20,0.0,0.0,0.0,0.0,0,0,0,0,0,0.0,0,0,0,0,0,0.0,3,19575,0.125,0.115,0.0002,42666666.6667,0,0,0,0,0,0.0,0,0,0,0,0,0.0,0,0,0,0,0,0.0,0,0,0,0,0,0.0,0,0,0,0,0,0.0,0,0,0,0,0,0.0,2,17728,0.107,0.107,0.0,10500000.0,0,0,0,0,0,0.0,0,0,0,0,0,0.0,0,0,0,0,0,0.0,0,0,0,0,0,0.0,3,213,0.121,0.116,5e-05,40000000.0,0,0,0,0,0,0.0,0,0,0,0,0,0.0,0,0,0,0,0,0.0,0,0,0,0,0,0.0,0,0,0,0,0,0.0,0,0,0,0,0,0.0,2,268,0.114,0.114,0.0,71000000.0,0,0,0,0,0,0.0,0,0,0,0,0,0.0,20,3804,0.001,5.26315789474e-05,5.26315789475e-08,0.0,2,40,0.2,0.2,0,0.0,1,20,0.0,0.0,0,0.0,12,2892,0.026,0.02,9.4e-06,1000000.0,1,20,0.0,0.0,0,-1000000.0,2,40,0.199,0.199,0,500000.0,0,0,0,0,0,0.0,3,1089,0.099,0.0985,4.99999999994e-07,6333333.33333,3,16194,0.099,0.0985,4.99999999994e-07,6333333.33333,3,40218,0.099,0.0985,4.99999999994e-07,6333333.33333,1,8,0,0,0,0.0,3,225,0.099,0.0985,4.99999999994e-07,6333333.33333,14,2108,0.093,0.0182307692308,0.000890358974359,0.0,50,50401,0.026,0.00477551020408,4.17193877551e-05,0.0,0,0,-3.05353225016e-06,4.61471844986e-05,1.35722475978e-05,-1.68678788371,-1.33786957619e-05,2.00601250628,-0.000378867894107,-0.000893739467437,4.20784888187e-05,4.78568614311e-05,5.76938318888e-05,-4.09944732372e-05,4.95728556604e-06,0.0,0.0,0.0,0.0,0.0,0.0,0.0,0.0,0.0,0.0,0.0,0.0,0.0,-0.000135999787878,0.0136824358271,-1.73267547282e-05,-0.129175464927,0.000106513050155,0.132353157769,-0.00582959727436,-0.00849453441456,0.0101159607438,0.0185551500767,0.0416389813111,-0.0405099888103,-3.84282508823e-05,0,0,0,0,9223372036854775807,0,9223372036854775807,0,9223372036854775807,0,9223372036854775807,0,9223372036854775807,0,9223372036854775807,6.0,10.5,0.0,3.9,5.366563146,10469376.0,10469376.0,10469376.0,0.0,486219776.0,486219776.0,486219776.0,0.0,6.0,10.5,0.0,8.0,4.48162916593,15544320.0,15544320.0,15544320.0,0.0,472285184.0,472285184.0,472285184.0,0.0,0.0,0.0,9.22337203685e+18,0.0,9.22337203685e+18,0.0,9.22337203685e+18,0.0,9.22337203685e+18,0.0,9.22337203685e+18,0.0,9.22337203685e+18,0,0,9223372036854775807,0,9223372036854775807,0,9223372036854775807,0,9223372036854775807,0,9223372036854775807,0,9223372036854775807,0,9223372036854775807,0,9223372036854775807,0,9223372036854775807,0,9223372036854775807,0,9223372036854775807,0,9223372036854775807,0,9223372036854775807,0,9223372036854775807,0,9223372036854775807,0,9223372036854775807,0,9223372036854775807,0,9223372036854775807,0,9223372036854775807,0,9223372036854775807,0,9223372036854775807,0,9223372036854775807,0,0,0,0,9223372036854775807,9223372036854775807,9223372036854775807,0,1,0,6,0,0,0,0,0,0,0,0,0,0,0,0,0,0,0,0,0,0,0,0,0,0,0,0,0,0,0,0,0,0,2,4,101,0,0,0,0,0,0,0,0,0,0,0,0,0,0,0,0,0,0,0,0,0,0,0,0,0,0,0,0,0,0,0,0,0,1,0,1,0,0,0,1,0,38,0,0,0,0,0,0,0,0,0,0,0,0,0,0,0,0,0,0,0,0,0,0,0,0,0,0,0,0,0,0,0,0,0,0,0,0,1,0,6,0,0,0,0,0,0,0,0,0,0,0,0,0,0,0,0,0,0,0,0,0,0,0,0,0,0,0,0,0,0,0,0,0,0,0,0,0,0,0,0,0,0,0,0,0,0,0,0,0,0,0,0,0,0,1,0,6,0,0,0,0,0,0,1,0,9,0,0,0,0,0,0,0,0,0,0,0,0,0,0,0,0,0,0,0,0,0,0,0,0,0,0,0,0,0,0,0,0,0,1,0,9,0,0,0,0,0,0,0,0,0,0,0,0,0,0,0,0,0,0,1,0,9,0,0,0,0,0,0,1,0,42,1,0,6,0,0,0,0,0,0,0,0,0,0,0,0,0,0,0,0,0,0,0,0,0,0,0,0,1,0,2,0,0,0,0,0,0,0,0,0
1,20,0.0,0.0,0.0,0.0,13,6994,0.038,0.01775,0.00031675,13538461.5385,251,2008,0.009,0.001,1.02008032128e-06,0.0,2,96,0.1,0.1,0.0,0.0,0,0,0,0,0,0.0,2,40,0.2,0.2,0.0,0.0,241,145805,0.043,0.000866666666667,3.00574616457e-05,0.0,0,0,0,0,0,0.0,0,0,0,0,0,0.0,2,40,0.196,0.196,0.0,2000000.0,0,0,0.0,0.0,0,0.0,12,7080,0.039,0.0199090909091,0.000287290909091,14250000.0,0,0,0,0,0,0.0,0,0,0,0,0,0.0,2,746,0.0,0.0,0.0,181000000.0,2,18867,0.122,0.122,0.0,177500000.0,0,0,0,0,0,0.0,0,0,0,0,0,0.0,0,0,0,0,0,0.0,0,0,0,0,0,0.0,3,475,0.123,0.11,0.000338,200666666.667,0,0,0,0,0,0.0,0,0,0,0,0,0.0,0,0,0.0,0.0,0,0.0,2,96,0.1,0.1,0.0,0.0,12,8616,0.038,0.0195454545455,0.000293672727273,14416666.6667,0,0,0,0,0,0.0,0,0,0,0,0,0.0,1,147555,0,0,0,-7000000.0,1,71,0.0,0.0,0.0,-7000000.0,0,0,0,0,0,0.0,0,0,0,0,0,0.0,0,0,0,0,0,0.0,0,0,0,0,0,0.0,0,0,0,0,0,0.0,0,0,0,0,0,0.0,0,0,0,0,0,0.0,1,820,0.0,0.0,0,0.0,1,72,0.0,0.0,0.0,0.0,0,0,0,0,0,0.0,0,0,0,0,0,0.0,0,0,0,0,0,0.0,0,0,0,0,0,0.0,0,0,0,0,0,0.0,0,0,0,0,0,0.0,0,0,0,0,0,0.0,0,0,0,0,0,0.0,1,20,0.0,0.0,0.0,0.0,1,668,0.0,0.0,0,0.0,0,0,0,0,0,0.0,0,0,0,0,0,0.0,0,0,0,0,0,0.0,0,0,0,0,0,0.0,0,0,0,0,0,0.0,0,0,0,0,0,0.0,0,0,0,0,0,0.0,0,0,0,0,0,0.0,1,20,0.0,0.0,0.0,4000000.0,0,0,0,0,0,0.0,0,0,0,0,0,0.0,2,13050,0.14,0.14,0.0,40000000.0,0,0,0,0,0,0.0,0,0,0,0,0,0.0,0,0,0,0,0,0.0,0,0,0,0,0,0.0,0,0,0,0,0,0.0,0,0,0,0,0,0.0,2,17728,0.125,0.125,0.0,12500000.0,0,0,0,0,0,0.0,0,0,0,0,0,0.0,0,0,0,0,0,0.0,0,0,0,0,0,0.0,2,142,0.137,0.137,0.0,38500000.0,0,0,0,0,0,0.0,0,0,0,0,0,0.0,0,0,0,0,0,0.0,0,0,0,0,0,0.0,0,0,0,0,0,0.0,0,0,0,0,0,0.0,2,270,0.119,0.119,0.0,59000000.0,0,0,0,0,0,0.0,0,0,0,0,0,0.0,0,0,0.0,0.0,0.0,0.0,1,20,0.0,0.0,0,7000000.0,1,20,0.0,0.0,0,5000000.0,13,3133,0.027,0.02,1.61818181818e-05,1230769.23077,1,20,0.0,0.0,0,0.0,1,20,0.0,0.0,0,0.0,0,0,0,0,0,0.0,2,726,0.09,0.09,0.0,7500000.0,2,10796,0.1,0.1,0.0,8500000.0,2,26812,0.094,0.094,0.0,5500000.0,0,0,0,0,0,0.0,2,150,0.09,0.09,0.0,7500000.0,11,1609,0.052,0.0181,0.000334322222222,0.0,44,42729,0.026,0.00558139534884,4.92491694352e-05,0.0,0,0,-3.07792733523e-06,6.80383539748e-05,1.35693065948e-05,-1.71807312147,-1.33374207447e-05,2.03490874644,-0.000378633327807,-0.000892241023831,4.20096791753e-05,4.77199533968e-05,5.73561756765e-05,-4.10053869562e-05,4.95941992185e-06,0.0,0.0,0.0,0.0,0.0,0.0,0.0,0.0,0.0,0.0,0.0,0.0,0.0,-0.000142979082525,0.0140740989032,-1.77599455552e-05,-0.129403820514,0.00011011720662,0.13126060014,-0.00582451569122,-0.00862617559591,0.0100670260753,0.0184554382751,0.0413082283128,-0.0404946750621,-3.38557494126e-05,0,0,0,0,9223372036854775807,0,9223372036854775807,0,9223372036854775807,0,9223372036854775807,0,9223372036854775807,0,9223372036854775807,0.0,0.0,9.22337203685e+18,0.0,9.22337203685e+18,0.0,9.22337203685e+18,0.0,9.22337203685e+18,0.0,9.22337203685e+18,0.0,9.22337203685e+18,0.0,0.0,9.22337203685e+18,0.0,9.22337203685e+18,0.0,9.22337203685e+18,0.0,9.22337203685e+18,0.0,9.22337203685e+18,0.0,9.22337203685e+18,0.0,0.0,9.22337203685e+18,0.0,9.22337203685e+18,0.0,9.22337203685e+18,0.0,9.22337203685e+18,0.0,9.22337203685e+18,0.0,9.22337203685e+18,0,0,9223372036854775807,0,9223372036854775807,0,9223372036854775807,0,9223372036854775807,0,9223372036854775807,0,9223372036854775807,0,9223372036854775807,0,9223372036854775807,0,9223372036854775807,0,9223372036854775807,0,9223372036854775807,0,9223372036854775807,0,9223372036854775807,0,9223372036854775807,0,9223372036854775807,0,9223372036854775807,0,9223372036854775807,0,9223372036854775807,0,9223372036854775807,0,9223372036854775807,0,9223372036854775807,0,9223372036854775807,0,0,0,0,9223372036854775807,9223372036854775807,9223372036854775807,0,0,0,0,1,0,50,0,0,0,0,0,0,0,0,0,0,0,0,0,0,0,0,0,0,0,0,0,1,0,5,0,0,0,0,0,0,0,0,0,0,0,0,0,0,0,0,0,0,0,0,0,0,0,0,0,0,0,0,0,0,1,0,11,0,0,0,0,0,0,0,0,0,0,0,0,0,0,0,0,0,0,0,0,0,1,0,2,0,0,0,0,0,0,0,0,0,0,0,0,0,0,0,0,0,0,0,0,0,0,0,0,1,0,3,0,0,0,0,0,0,0,0,0,0,0,0,0,0,0,0,0,0,0,0,0,0,0,0,0,0,0,0,0,0,0,0,0,0,0,0,0,0,0,0,0,0,0,0,0,0,0,0,0,0,0,0,0,0,0,0,0,0,0,0,0,0,0,0,0,0,0,0,0,0,0,0,0,0,0,0,0,0,0,0,0,0,0,0,0,0,0,0,0,0,0,0,0,0,0,0,0,0,0,0,0,0,0,0,0,0,0,0,0,0,0,0,0,0,0,0,0,0,0,0,0,0,0,0,0,0,0,0,0,0,0,0,0,0,0,0,0,0,0,0,0,2,0,102,1,0,6,0,0,0,0,0,0,0,0,0,3,1,33,0,0,0,0,0,0,0,0,0,0,0,0,0,0,0
1,20,0.0,0.0,0.0,0.0,11,5918,0.043,0.021,0.000335777777778,10363636.3636,251,2008,0.01,0.001,1.26907630522e-06,0.0,3,144,0.101,0.0965,4.05e-05,0.0,0,0,0,0,0,0.0,1,20,0.0,0.0,0.0,-1000000.0,259,156695,0.043,0.000875968992248,2.82569299913e-05,0.0,0,0,0,0,0,0.0,0,0,0,0,0,0.0,1,20,0.0,0.0,0.0,1000000.0,1,326,0.0,0.0,0,0.0,13,7670,0.042,0.01775,0.000349659090909,15846153.8462,0,0,0,0,0,0.0,0,0,0,0,0,0.0,2,746,0.0,0.0,0.0,213000000.0,2,18862,0.131,0.131,0.0,216500000.0,0,0,0,0,0,0.0,0,0,0,0,0,0.0,0,0,0,0,0,0.0,0,0,0,0,0,0.0,2,305,0.126,0.126,0.0,250000000.0,0,0,0,0,0,0.0,0,0,0,0,0,0.0,0,0,0.0,0.0,0,0.0,3,144,0.105,0.103,8.00000000001e-06,0.0,13,9334,0.043,0.0184166666667,0.000327174242424,12384615.3846,0,0,0,0,0,0.0,0,0,0,0,0,0.0,0,0,0,0,0,0.0,2,142,0.2,0.2,0.0,0.0,0,0,0,0,0,0.0,0,0,0,0,0,0.0,0,0,0,0,0,0.0,0,0,0,0,0,0.0,0,0,0,0,0,0.0,0,0,0,0,0,0.0,0,0,0,0,0,0.0,1,820,0.0,0.0,0,0.0,2,144,0.2,0.2,0.0,0.0,0,0,0,0,0,0.0,0,0,0,0,0,0.0,0,0,0,0,0,0.0,0,0,0,0,0,0.0,0,0,0,0,0,0.0,0,0,0,0,0,0.0,0,0,0,0,0,0.0,0,0,0,0,0,0.0,1,20,0.0,0.0,0.0,-1000000.0,1,668,0.0,0.0,0,0.0,0,0,0,0,0,0.0,0,0,0,0,0,0.0,0,0,0,0,0,0.0,0,0,0,0,0,0.0,0,0,0,0,0,0.0,0,0,0,0,0,0.0,0,0,0,0,0,0.0,0,0,0,0,0,0.0,2,40,0.199,0.199,0.0,-1000000.0,0,0,0,0,0,0.0,0,0,0,0,0,0.0,1,6525,0.0,0.0,0.0,37000000.0,0,0,0,0,0,0.0,0,0,0,0,0,0.0,0,0,0,0,0,0.0,0,0,0,0,0,0.0,0,0,0,0,0,0.0,0,0,0,0,0,0.0,2,17728,0.12,0.12,0.0,13500000.0,0,0,0,0,0,0.0,0,0,0,0,0,0.0,0,0,0,0,0,0.0,0,0,0,0,0,0.0,1,71,0.0,0.0,0.0,35000000.0,0,0,0,0,0,0.0,0,0,0,0,0,0.0,0,0,0,0,0,0.0,0,0,0,0,0,0.0,0,0,0,0,0,0.0,0,0,0,0,0,0.0,2,270,0.128,0.128,0.0,77000000.0,0,0,0,0,0,0.0,0,0,0,0,0,0.0,18,3435,0.001,0.000117647058823,1.10294117647e-07,0.0,1,20,0.0,0.0,0,0.0,2,40,0.204,0.204,0,1500000.0,12,2892,0.028,0.0189090909091,3.78909090909e-05,2416666.66667,1,20,0.0,0.0,0,0.0,1,20,0.0,0.0,0,0.0,0,0,0,0,0,0.0,3,1089,0.101,0.1,2e-06,5333333.33333,3,16194,0.101,0.1,2e-06,5333333.33333,3,40218,0.101,0.1,2e-06,5333333.33333,0,0,0,0,0,0.0,3,225,0.101,0.1,2e-06,5333333.33333,12,1805,0.115,0.0193636363636,0.00107005454545,0.0,47,46426,0.025,0.00508695652174,4.43033816425e-05,0.0,0,0,-3.14991624695e-06,2.79514943511e-05,1.35671815595e-05,-1.75223942833,-1.34068767208e-05,2.06579231502,-0.00037696102397,-0.000894305785295,4.19954286244e-05,4.80003172578e-05,5.77584971122e-05,-4.10032698211e-05,5.01991863811e-06,0.0,0.0,0.0,0.0,0.0,0.0,0.0,0.0,0.0,0.0,0.0,0.0,0.0,-0.000179643078897,0.0137577761099,-1.87596714283e-05,-0.128131045579,0.00011726933237,0.129406699505,-0.00490098094298,-0.00944834341455,0.0101930905922,0.0187421670456,0.0420733380555,-0.0404148026819,-1.99102287582e-05,0,0,0,0,9223372036854775807,0,9223372036854775807,0,9223372036854775807,0,9223372036854775807,0,9223372036854775807,0,9223372036854775807,6.0,10.8000001907,0.0,6.32000007629,5.77555198492,10469376.0,10469376.0,10469376.0,0.0,486219776.0,486219776.0,486219776.0,0.0,0.0,0.0,9.22337203685e+18,0.0,9.22337203685e+18,0.0,9.22337203685e+18,0.0,9.22337203685e+18,0.0,9.22337203685e+18,0.0,9.22337203685e+18,11.0,21.2999992371,9.89999961853,16.6199995041,5.95709624772,53080064.0,53063680.0,53066956.8,7327.14754867,949968896.0,949968896.0,949968896.0,0.0,0,0,9223372036854775807,0,9223372036854775807,0,9223372036854775807,0,9223372036854775807,0,9223372036854775807,0,9223372036854775807,0,9223372036854775807,0,9223372036854775807,0,9223372036854775807,0,9223372036854775807,0,9223372036854775807,0,9223372036854775807,0,9223372036854775807,0,9223372036854775807,0,9223372036854775807,0,9223372036854775807,0,9223372036854775807,0,9223372036854775807,0,9223372036854775807,0,9223372036854775807,0,9223372036854775807,0,9223372036854775807,0,0,0,0,9223372036854775807,9223372036854775807,9223372036854775807,0,0,0,0,0,0,0,0,0,0,2,0,22,0,0,0,1,0,6,0,0,0,0,0,0,0,0,0,1,0,5,1,0,3,1,0,51,0,0,0,0,0,0,1,0,12,0,0,0,0,0,0,0,0,0,0,0,0,0,0,0,0,0,0,0,0,0,0,0,0,0,0,0,2,0,22,1,0,51,0,0,0,0,0,0,0,0,0,0,0,0,0,0,0,0,0,0,0,0,0,0,0,0,0,0,0,0,0,0,0,0,0,0,0,0,0,0,0,0,0,0,0,0,0,0,0,0,0,0,0,0,0,0,0,0,0,0,0,0,0,0,0,0,0,0,1,0,4,0,0,0,0,0,0,0,0,0,0,0,0,0,0,0,0,0,0,0,0,0,0,0,0,0,0,0,0,0,0,0,0,0,0,0,0,0,0,0,0,0,0,0,0,0,0,0,0,0,0,0,0,0,0,0,0,0,0,0,0,0,0,0,0,0,0,0,0,0,0,0,0,0,0,0,0,0,0,0,0,0,0,0,0,0,0,0,0,0,0,0,0,0,0,0,0,0,0,0,0,0,0,0,0,0,1,0,6,0,0,0,0,0,0,0,0,0,0,0,0,0,0,0,0,0,0,0,0,0,0,0,0,0,0,0,0,0,0,0,0,0
1,20,0.0,0.0,0.0,2000000.0,13,6994,0.04,0.0171666666667,0.000264696969697,15538461.5385,253,2024,0.007,0.000992063492063,1.1951558844e-06,0.0,2,96,0.11,0.11,0.0,0.0,1,574,0,0,0,0.0,1,20,0.0,0.0,0.0,-2000000.0,246,148830,0.037,0.000848979591837,2.4612345266e-05,0.0,0,0,0,0,0,0.0,0,0,0,0,0,0.0,1,20,0.0,0.0,0.0,0.0,0,0,0.0,0.0,0,0.0,12,7080,0.038,0.0199090909091,0.000198090909091,12500000.0,0,0,0,0,0,0.0,0,0,0,0,0,0.0,4,1492,0.121,0.0403333333333,0.00488033333333,193500000.0,2,18828,0.12,0.12,0.0,195000000.0,0,0,0,0,0,0.0,0,0,0,0,0,0.0,0,0,0,0,0,0.0,0,0,0,0,0,0.0,2,298,0.108,0.108,0.0,232000000.0,0,0,0,0,0,0.0,0,0,0,0,0,0.0,0,0,0.0,0.0,0,0.0,2,96,0.105,0.105,0.0,0.0,12,8616,0.038,0.0185454545455,0.000228072727273,13333333.3333,0,0,0,0,0,0.0,0,0,0,0,0,0.0,0,0,0,0,0,0.0,1,71,0.0,0.0,0.0,0.0,0,0,0,0,0,0.0,0,0,0,0,0,0.0,0,0,0,0,0,0.0,0,0,0,0,0,0.0,0,0,0,0,0,0.0,0,0,0,0,0,0.0,0,0,0,0,0,0.0,0,0,0.0,0.0,0,0.0,1,72,0.0,0.0,0.0,1000000.0,0,0,0,0,0,0.0,0,0,0,0,0,0.0,0,0,0,0,0,0.0,0,0,0,0,0,0.0,0,0,0,0,0,0.0,0,0,0,0,0,0.0,0,0,0,0,0,0.0,0,0,0,0,0,0.0,1,20,0.0,0.0,0.0,-4000000.0,1,668,0.0,0.0,0,0.0,0,0,0,0,0,0.0,0,0,0,0,0,0.0,0,0,0,0,0,0.0,0,0,0,0,0,0.0,0,0,0,0,0,0.0,0,0,0,0,0,0.0,0,0,0,0,0,0.0,0,0,0,0,0,0.0,1,20,0.0,0.0,0.0,0.0,0,0,0,0,0,0.0,0,0,0,0,0,0.0,3,19575,0.124,0.121,1.8e-05,47333333.3333,0,0,0,0,0,0.0,0,0,0,0,0,0.0,0,0,0,0,0,0.0,0,0,0,0,0,0.0,0,0,0,0,0,0.0,0,0,0,0,0,0.0,2,17728,0.103,0.103,0.0,17000000.0,0,0,0,0,0,0.0,0,0,0,0,0,0.0,0,0,0,0,0,0.0,0,0,0,0,0,0.0,3,213,0.121,0.119,8.00000000002e-06,45000000.0,0,0,0,0,0,0.0,0,0,0,0,0,0.0,0,0,0,0,0,0.0,0,0,0,0,0,0.0,0,0,0,0,0,0.0,0,0,0,0,0,0.0,2,267,0.117,0.117,0.0,76000000.0,0,0,0,0,0,0.0,0,0,0,0,0,0.0,0,0,0.0,0.0,0.0,0.0,1,20,0.0,0.0,0,-1000000.0,1,20,0.0,0.0,0,-1000000.0,13,3133,0.031,0.02,2.43636363636e-05,1538461.53846,2,40,0.195,0.195,0,0.0,2,40,0.199,0.199,0,-500000.0,0,0,0,0,0,0.0,2,726,0.097,0.097,0.0,5000000.0,2,10796,0.096,0.096,0.0,4500000.0,2,26812,0.097,0.097,0.0,5000000.0,0,0,0,0,0,0.0,2,150,0.097,0.097,0.0,5000000.0,9,1281,0.1,0.023625,0.00133541071429,0.0,49,51270,0.025,0.00510416666667,4.7797429078e-05,0.0,0,0,-3.1455052536e-06,2.89121280215e-05,1.3567008196e-05,-1.78399214637,-1.4092537957e-05,2.09389193647,-0.000377505285694,-0.000895316237362,4.21225086482e-05,4.80964867027e-05,5.7850626721e-05,-4.10967640506e-05,5.01756340032e-06,0.0,0.0,0.0,0.0,0.0,0.0,0.0,0.0,0.0,0.0,0.0,0.0,0.0,-0.00018322510327,0.0141339143001,-1.84020545644e-05,-0.128395189881,0.000116826695201,0.128462416328,-0.00500785105728,-0.00932658972597,0.0102659653256,0.0188305620219,0.0422727045234,-0.0404336034391,-2.0498928159e-05,0,0,0,0,9223372036854775807,0,9223372036854775807,0,9223372036854775807,0,9223372036854775807,0,9223372036854775807,0,9223372036854775807,0.0,0.0,9.22337203685e+18,0.0,9.22337203685e+18,0.0,9.22337203685e+18,0.0,9.22337203685e+18,0.0,9.22337203685e+18,0.0,9.22337203685e+18,0.0,0.0,9.22337203685e+18,0.0,9.22337203685e+18,0.0,9.22337203685e+18,0.0,9.22337203685e+18,0.0,9.22337203685e+18,0.0,9.22337203685e+18,0.0,0.0,9.22337203685e+18,0.0,9.22337203685e+18,0.0,9.22337203685e+18,0.0,9.22337203685e+18,0.0,9.22337203685e+18,0.0,9.22337203685e+18,0,0,9223372036854775807,0,9223372036854775807,0,9223372036854775807,0,9223372036854775807,0,9223372036854775807,0,9223372036854775807,0,9223372036854775807,0,9223372036854775807,0,9223372036854775807,0,9223372036854775807,0,9223372036854775807,0,9223372036854775807,0,9223372036854775807,0,9223372036854775807,0,9223372036854775807,0,9223372036854775807,0,9223372036854775807,0,9223372036854775807,0,9223372036854775807,0,9223372036854775807,0,9223372036854775807,0,9223372036854775807,0,0,0,0,9223372036854775807,9223372036854775807,9223372036854775807,0,1,0,6,0,0,0,0,0,0,0,0,0,1,0,1,0,0,0,0,0,0,0,0,0,0,0,0,0,0,0,0,0,0,0,0,0,0,0,0,0,0,0,0,0,0,0,0,0,0,0,0,0,0,0,0,0,0,0,0,0,0,0,0,0,0,0,0,0,0,0,0,0,0,0,0,1,0,42,0,0,0,0,0,0,0,0,0,1,0,6,0,0,0,0,0,0,0,0,0,0,0,0,0,0,0,0,0,0,0,0,0,0,0,0,0,0,0,0,0,0,0,0,0,0,0,0,0,0,0,0,0,0,0,0,0,0,0,0,0,0,0,1,0,6,0,0,0,0,0,0,0,0,0,0,0,0,0,0,0,0,0,0,0,0,0,0,0,0,0,0,0,0,0,0,0,0,0,0,0,0,0,0,0,0,0,0,0,0,0,0,0,0,0,0,0,0,0,0,0,0,0,0,0,0,0,0,0,0,0,0,0,0,0,0,0,0,0,0,0,0,0,0,0,0,0,0,0,0,0,0,0,0,0,0,0,0,0,0,0,0,0,0,0,0,0,0,0,0,0,0,0,0,0,0,0,0,0,0,0,0,0,1,0,6,0,0,0,1,0,10,0,0,0,0,0,0,0,0,0,0,0,0,0,0,0,0,0,0
2,40,0.202,0.202,0.0,-1000000.0,13,6994,0.038,0.01825,0.000252931818182,13769230.7692,252,2016,0.014,0.000996015936255,2.09998406374e-06,0.0,3,144,0.108,0.1005,0.0001125,0.0,0,0,0,0,0,0.0,1,20,0.0,0.0,0.0,-2000000.0,241,145805,0.043,0.000845833333333,2.73610704324e-05,0.0,0,0,0,0,0,0.0,0,0,0,0,0,0.0,1,20,0.0,0.0,0.0,0.0,1,326,0.0,0.0,0,0.0,12,7080,0.04,0.0172727272727,0.000279818181818,17416666.6667,0,0,0,0,0,0.0,0,0,0,0,0,0.0,4,1492,0.112,0.0373333333333,0.00418133333333,182000000.0,2,18804,0.105,0.105,0.0,188500000.0,0,0,0,0,0,0.0,0,0,0,0,0,0.0,0,0,0,0,0,0.0,0,0,0,0,0,0.0,2,289,0.12,0.12,0.0,223000000.0,0,0,0,0,0,0.0,0,0,0,0,0,0.0,0,0,0.0,0.0,0,0.0,3,144,0.103,0.1,1.8e-05,0.0,13,9334,0.039,0.018,0.000229636363636,13461538.4615,0,0,0,0,0,0.0,0,0,0,0,0,0.0,1,4194403,0,0,0,11000000.0,1,71,0.0,0.0,0.0,0.0,0,0,0,0,0,0.0,0,0,0,0,0,0.0,0,0,0,0,0,0.0,0,0,0,0,0,0.0,0,0,0,0,0,0.0,0,0,0,0,0,0.0,0,0,0,0,0,0.0,1,820,0.0,0.0,0,0.0,1,72,0.0,0.0,0.0,0.0,0,0,0,0,0,0.0,0,0,0,0,0,0.0,0,0,0,0,0,0.0,0,0,0,0,0,0.0,0,0,0,0,0,0.0,0,0,0,0,0,0.0,0,0,0,0,0,0.0,0,0,0,0,0,0.0,2,40,0.214,0.214,0.0,16500000.0,1,668,0.0,0.0,0,0.0,0,0,0,0,0,0.0,0,0,0,0,0,0.0,0,0,0,0,0,0.0,0,0,0,0,0,0.0,0,0,0,0,0,0.0,0,0,0,0,0,0.0,0,0,0,0,0,0.0,0,0,0,0,0,0.0,1,20,0.0,0.0,0.0,0.0,0,0,0,0,0,0.0,0,0,0,0,0,0.0,1,6525,0.0,0.0,0.0,52000000.0,0,0,0,0,0,0.0,0,0,0,0,0,0.0,0,0,0,0,0,0.0,0,0,0,0,0,0.0,0,0,0,0,0,0.0,0,0,0,0,0,0.0,2,17728,0.145,0.145,0.0,16000000.0,0,0,0,0,0,0.0,0,0,0,0,0,0.0,0,0,0,0,0,0.0,0,0,0,0,0,0.0,1,71,0.0,0.0,0.0,49000000.0,0,0,0,0,0,0.0,0,0,0,0,0,0.0,0,0,0,0,0,0.0,0,0,0,0,0,0.0,0,0,0,0,0,0.0,0,0,0,0,0,0.0,2,274,0.131,0.131,0.0,80500000.0,0,0,0,0,0,0.0,0,0,0,0,0,0.0,10,1913,0.0,0.0,0.0,0.0,2,40,0.199,0.199,0,0.0,1,20,0.0,0.0,0,0.0,12,2892,0.033,0.0211818181818,1.71636363636e-05,1333333.33333,1,20,0.0,0.0,0,0.0,2,40,0.201,0.201,0,-500000.0,0,0,0,0,0,0.0,3,1089,0.101,0.1,2e-06,5333333.33333,3,16194,0.101,0.1005,4.99999999998e-07,5666666.66667,3,40218,0.101,0.1,2e-06,5333333.33333,0,0,0,0,0,0.0,3,225,0.101,0.1,2e-06,5333333.33333,14,2094,0.058,0.0172307692308,0.000422192307692,0.0,49,49076,0.027,0.00516666666667,4.18865248227e-05,0.0,0,0,-3.1144866286e-06,3.23312792343e-05,1.35682995817e-05,-1.81572766468,-3.12474590078e-05,2.12159112327,-0.000379310206496,-0.000896688279991,4.23603100321e-05,4.8193200616e-05,5.79880355103e-05,-4.12553290525e-05,4.99265057119e-06,0.0,0.0,0.0,0.0,0.0,0.0,0.0,0.0,0.0,0.0,0.0,0.0,0.0,-0.000170843751693,0.0147913454099,-1.73412368035e-05,-0.129329191708,0.000112294720957,0.127808974912,-0.00567215909112,-0.00881005521127,0.0103557751894,0.0188968047556,0.0424080783385,-0.0405071747798,-2.85794550469e-05,0,0,0,0,9223372036854775807,0,9223372036854775807,0,9223372036854775807,0,9223372036854775807,0,9223372036854775807,0,9223372036854775807,6.0,11.3000001907,0.0,4.18000011444,5.75517173617,10469376.0,10469376.0,10469376.0,0.0,486219776.0,486219776.0,486219776.0,0.0,0.0,0.0,9.22337203685e+18,0.0,9.22337203685e+18,0.0,9.22337203685e+18,0.0,9.22337203685e+18,0.0,9.22337203685e+18,0.0,9.22337203685e+18,0.0,0.0,9.22337203685e+18,0.0,9.22337203685e+18,0.0,9.22337203685e+18,0.0,9.22337203685e+18,0.0,9.22337203685e+18,0.0,9.22337203685e+18,0,0,9223372036854775807,0,9223372036854775807,0,9223372036854775807,0,9223372036854775807,0,9223372036854775807,0,9223372036854775807,0,9223372036854775807,0,9223372036854775807,0,9223372036854775807,0,9223372036854775807,0,9223372036854775807,0,9223372036854775807,0,9223372036854775807,0,9223372036854775807,0,9223372036854775807,0,9223372036854775807,0,9223372036854775807,0,9223372036854775807,0,9223372036854775807,0,9223372036854775807,0,9223372036854775807,0,9223372036854775807,0,0,0,0,9223372036854775807,9223372036854775807,9223372036854775807,0,1,0,6,0,0,0,0,0,0,0,0,0,0,0,0,0,0,0,0,0,0,0,0,0,0,0,0,0,0,0,0,0,0,2,3,101,0,0,0,0,0,0,0,0,0,1,0,10,0,0,0,0,0,0,0,0,0,0,0,0,0,0,0,0,0,0,0,0,0,0,0,0,0,0,0,0,0,0,0,0,0,0,0,0,0,0,0,0,0,0,0,0,0,0,0,0,0,0,0,0,0,0,0,0,0,0,0,0,0,0,0,0,0,0,0,0,0,0,0,0,0,0,0,0,0,0,0,0,0,0,0,0,0,0,0,0,0,0,0,0,0,1,0,6,0,0,0,0,0,0,0,0,0,0,0,0,0,0,0,0,0,0,0,0,0,0,0,0,0,0,0,0,0,0,0,0,0,0,0,0,1,0,9,0,0,0,0,0,0,0,0,0,0,0,0,0,0,0,0,0,0,1,0,9,0,0,0,0,0,0,0,0,0,0,0,0,1,0,9,0,0,0,0,0,0,0,0,0,0,0,0,0,0,0,0,0,0,1,0,9,0,0,0,0,0,0,0,0,0,1,0,5,0,0,0,0,0,0,0,0,0,1,0,6,0,0,0,0,0,0,1,0,11,1,0,11,0,0,0,1,0,11,0,0,0,0,0,0
1,20,0.0,0.0,0.0,5000000.0,12,6456,0.038,0.0199090909091,0.000287690909091,13083333.3333,252,2016,0.01,0.00096015936255,1.3984063745e-06,0.0,2,96,0.109,0.109,0.0,0.0,0,0,0,0,0,0.0,2,40,0.201,0.201,0.0,500000.0,281,170005,0.037,0.000807142857143,2.55110599078e-05,0.0,0,0,0,0,0,0.0,0,0,0,0,0,0.0,1,20,0.0,0.0,0.0,0.0,1,326,0.0,0.0,0,0.0,13,7670,0.043,0.0179166666667,0.000328446969697,11230769.2308,0,0,0,0,0,0.0,0,0,0,0,0,0.0,4,1492,0.126,0.042,0.005292,192500000.0,2,18901,0.121,0.121,0.0,195000000.0,0,0,0,0,0,0.0,0,0,0,0,0,0.0,0,0,0,0,0,0.0,0,0,0,0,0,0.0,2,324,0.111,0.111,0.0,232000000.0,0,0,0,0,0,0.0,0,0,0,0,0,0.0,0,0,0.0,0.0,0,0.0,2,96,0.096,0.096,0.0,0.0,12,8616,0.036,0.0194545454545,0.000289672727273,13666666.6667,0,0,0,0,0,0.0,0,0,0,0,0,0.0,0,0,0,0,0,0.0,1,71,0.0,0.0,0.0,-1000000.0,0,0,0,0,0,0.0,0,0,0,0,0,0.0,0,0,0,0,0,0.0,0,0,0,0,0,0.0,0,0,0,0,0,0.0,0,0,0,0,0,0.0,0,0,0,0,0,0.0,1,790,0.0,0.0,0,-3000000.0,1,72,0.0,0.0,0.0,-3000000.0,0,0,0,0,0,0.0,0,0,0,0,0,0.0,0,0,0,0,0,0.0,0,0,0,0,0,0.0,0,0,0,0,0,0.0,0,0,0,0,0,0.0,0,0,0,0,0,0.0,0,0,0,0,0,0.0,1,20,0.0,0.0,0.0,4000000.0,1,668,0.0,0.0,0,0.0,0,0,0,0,0,0.0,0,0,0,0,0,0.0,0,0,0,0,0,0.0,0,0,0,0,0,0.0,0,0,0,0,0,0.0,0,0,0,0,0,0.0,0,0,0,0,0,0.0,0,0,0,0,0,0.0,1,20,0.0,0.0,0.0,1000000.0,0,0,0,0,0,0.0,0,0,0,0,0,0.0,2,13050,0.148,0.148,0.0,53500000.0,0,0,0,0,0,0.0,0,0,0,0,0,0.0,0,0,0,0,0,0.0,0,0,0,0,0,0.0,0,0,0,0,0,0.0,0,0,0,0,0,0.0,1,8864,0.0,0.0,0.0,18000000.0,0,0,0,0,0,0.0,0,0,0,0,0,0.0,0,0,0,0,0,0.0,0,0,0,0,0,0.0,2,142,0.147,0.147,0.0,51000000.0,0,0,0,0,0,0.0,0,0,0,0,0,0.0,0,0,0,0,0,0.0,0,0,0,0,0,0.0,0,0,0,0,0,0.0,0,0,0,0,0,0.0,2,285,0.146,0.146,0.0,87500000.0,0,0,0,0,0,0.0,0,0,0,0,0,0.0,16,3059,0.002,0.000133333333333,2.66666666667e-07,0.0,1,20,0.0,0.0,0,0.0,1,20,0.0,0.0,0,0.0,12,2892,0.027,0.02,1.98e-05,2000000.0,1,20,0.0,0.0,0,15000000.0,1,20,0.0,0.0,0,0.0,0,0,0,0,0,0.0,2,726,0.101,0.101,0.0,7500000.0,2,10796,0.11,0.11,0.0,3000000.0,2,26812,0.11,0.11,0.0,3000000.0,0,0,0,0,0,0.0,2,150,0.11,0.11,0.0,3000000.0,11,1578,0.06,0.0154,0.000517822222222,0.0,42,41306,0.025,0.00546341463415,5.70548780488e-05,0.0,0,0,-3.21936680425e-06,3.7758492712e-05,1.35668897778e-05,-1.84990628861,-1.63848039758e-05,2.15112199849,-0.000377613504178,-0.000890378693224,4.19425055549e-05,4.76562246225e-05,5.70562468347e-05,-4.10983529921e-05,5.00580824969e-06,0.0,0.0,0.0,0.0,0.0,0.0,0.0,0.0,0.0,0.0,0.0,0.0,0.0,-0.000207839102938,0.0151676584009,-1.91499430899e-05,-0.127938906823,0.000122968923977,0.126175314161,-0.00555325142748,-0.0093933604044,0.0100822049416,0.0184571468307,0.0411285944672,-0.0404173130517,-1.58510360506e-05,0,0,0,0,9223372036854775807,0,9223372036854775807,0,9223372036854775807,0,9223372036854775807,0,9223372036854775807,0,9223372036854775807,6.0,18.7999992371,0.0,5.43999977112,8.30710505164,10469376.0,10469376.0,10469376.0,0.0,486219776.0,486219776.0,486219776.0,0.0,0.0,0.0,9.22337203685e+18,0.0,9.22337203685e+18,0.0,9.22337203685e+18,0.0,9.22337203685e+18,0.0,9.22337203685e+18,0.0,9.22337203685e+18,11.0,34.2999992371,10.3999996185,24.7599994659,9.61628822675,73617408.0,69562368.0,70388940.8,1805082.6164,962551808.0,962551808.0,962551808.0,0.0,0,0,9223372036854775807,0,9223372036854775807,0,9223372036854775807,0,9223372036854775807,0,9223372036854775807,0,9223372036854775807,0,9223372036854775807,0,9223372036854775807,0,9223372036854775807,0,9223372036854775807,0,9223372036854775807,0,9223372036854775807,0,9223372036854775807,0,9223372036854775807,0,9223372036854775807,0,9223372036854775807,0,9223372036854775807,0,9223372036854775807,0,9223372036854775807,0,9223372036854775807,0,9223372036854775807,0,9223372036854775807,0,0,0,0,9223372036854775807,9223372036854775807,9223372036854775807,0,0,0,0,1,0,51,0,0,0,0,0,0,0,0,0,0,0,0,0,0,0,0,0,0,0,0,0,0,0,0,0,0,0,0,0,0,0,0,0,0,0,0,0,0,0,0,0,0,0,0,0,0,0,0,0,0,0,0,0,0,1,0,9,0,0,0,0,0,0,0,0,0,0,0,0,0,0,0,0,0,0,0,0,0,0,0,0,0,0,0,0,0,0,0,0,0,0,0,0,0,0,0,0,0,0,0,0,0,0,0,0,0,0,0,1,0,6,0,0,0,0,0,0,0,0,0,0,0,0,0,0,0,0,0,0,0,0,0,0,0,0,0,0,0,0,0,0,0,0,0,0,0,0,0,0,0,0,0,0,0,0,0,0,0,0,0,0,0,0,0,0,1,0,6,0,0,0,0,0,0,0,0,0,0,0,0,0,0,0,0,0,0,0,0,0,0,0,0,0,0,0,0,0,0,0,0,0,0,0,0,0,0,0,0,0,0,0,0,0,0,0,0,0,0,0,0,0,0,0,0,0,0,0,0,0,0,0,0,0,0,0,0,0,0,0,0,1,0,48,0,0,0,0,0,0,2,0,101,1,0,5,0,0,0,0,0,0,0,0,0,3,0,30,0,0,0,0,0,0,0,0,0,0,0,0,0,0,0
1,20,0.0,0.0,0.0,0.0,14,7532,0.038,0.0186923076923,0.000195730769231,10357142.8571,249,1992,0.013,0.001,1.44939271255e-06,0.0,3,144,0.103,0.1025,5.00000000001e-07,0.0,0,0,0,0,0,0.0,1,20,0.0,0.0,0.0,-1000000.0,214,129470,0.038,0.000995305164319,3.35707325715e-05,0.0,0,0,0,0,0,0.0,0,0,0,0,0,0.0,2,40,0.193,0.193,0.0,3500000.0,0,0,0.0,0.0,0,0.0,13,7670,0.041,0.0204166666667,0.000281901515152,12230769.2308,0,0,0,0,0,0.0,0,0,0,0,0,0.0,6,2238,0.112,0.0424,0.0033888,186333333.333,3,28278,0.112,0.109,1.8e-05,189333333.333,0,0,0,0,0,0.0,0,0,0,0,0,0.0,0,0,0,0,0,0.0,0,0,0,0,0,0.0,3,465,0.118,0.101,0.000578,225000000.0,0,0,0,0,0,0.0,0,0,0,0,0,0.0,0,0,0.0,0.0,0,0.0,3,144,0.099,0.099,0.0,0.0,13,9334,0.045,0.0203333333333,0.000315515151515,9846153.84615,0,0,0,0,0,0.0,0,0,0,0,0,0.0,0,0,0,0,0,0.0,2,142,0.202,0.202,0.0,1000000.0,0,0,0,0,0,0.0,0,0,0,0,0,0.0,0,0,0,0,0,0.0,0,0,0,0,0,0.0,0,0,0,0,0,0.0,0,0,0,0,0,0.0,0,0,0,0,0,0.0,1,790,0.0,0.0,0,0.0,2,144,0.199,0.199,0.0,500000.0,0,0,0,0,0,0.0,0,0,0,0,0,0.0,0,0,0,0,0,0.0,0,0,0,0,0,0.0,0,0,0,0,0,0.0,0,0,0,0,0,0.0,0,0,0,0,0,0.0,0,0,0,0,0,0.0,1,20,0.0,0.0,0.0,1000000.0,1,668,0.0,0.0,0,0.0,0,0,0,0,0,0.0,0,0,0,0,0,0.0,0,0,0,0,0,0.0,0,0,0,0,0,0.0,0,0,0,0,0,0.0,0,0,0,0,0,0.0,0,0,0,0,0,0.0,0,0,0,0,0,0.0,2,40,0.201,0.201,0.0,0.0,0,0,0,0,0,0.0,0,0,0,0,0,0.0,2,13050,0.12,0.12,0.0,44500000.0,0,0,0,0,0,0.0,0,0,0,0,0,0.0,0,0,0,0,0,0.0,0,0,0,0,0,0.0,0,0,0,0,0,0.0,0,0,0,0,0,0.0,2,17728,0.13,0.13,0.0,13500000.0,0,0,0,0,0,0.0,0,0,0,0,0,0.0,0,0,0,0,0,0.0,0,0,0,0,0,0.0,2,142,0.122,0.122,0.0,43500000.0,0,0,0,0,0,0.0,0,0,0,0,0,0.0,0,0,0,0,0,0.0,0,0,0,0,0,0.0,0,0,0,0,0,0.0,0,0,0,0,0,0.0,2,264,0.109,0.109,0.0,73000000.0,0,0,0,0,0,0.0,0,0,0,0,0,0.0,0,0,0.0,0.0,0.0,0.0,1,20,0.0,0.0,0,0.0,2,40,0.193,0.193,0,4500000.0,13,3133,0.031,0.0194166666667,4.0446969697e-05,2692307.69231,1,20,0.0,0.0,0,5000000.0,1,20,0.0,0.0,0,0.0,0,0,0,0,0,0.0,3,1089,0.103,0.1015,4.50000000001e-06,4333333.33333,3,16194,0.103,0.1015,4.50000000001e-06,4333333.33333,3,40218,0.103,0.1015,4.50000000001e-06,4333333.33333,0,0,0,0,0,0.0,3,225,0.103,0.1015,4.50000000001e-06,4333333.33333,9,1300,0.118,0.0275,0.00153228571429,0.0,48,45566,0.025,0.00497872340426,5.38473635523e-05,0.0,0,0,-3.13936826224e-06,4.59069932219e-05,1.35711557965e-05,-1.88377124417,-1.89703836826e-05,2.18017835279,-0.000380667222696,-0.000894925242193,4.24922597162e-05,4.80658554647e-05,5.77377167952e-05,-4.13903568766e-05,4.9687575876e-06,0.0,0.0,0.0,0.0,0.0,0.0,0.0,0.0,0.0,0.0,0.0,0.0,0.0,-0.000191153133235,0.0160384489929,-1.70070013997e-05,-0.12930399001,0.000112989231384,0.12572490626,-0.00645891061574,-0.00847477973423,0.01031218591,0.0187143586128,0.0417715684178,-0.040550805704,-3.13386833901e-05,0,0,0,0,9223372036854775807,0,9223372036854775807,0,9223372036854775807,0,9223372036854775807,0,9223372036854775807,0,9223372036854775807,0.0,0.0,9.22337203685e+18,0.0,9.22337203685e+18,0.0,9.22337203685e+18,0.0,9.22337203685e+18,0.0,9.22337203685e+18,0.0,9.22337203685e+18,0.0,0.0,9.22337203685e+18,0.0,9.22337203685e+18,0.0,9.22337203685e+18,0.0,9.22337203685e+18,0.0,9.22337203685e+18,0.0,9.22337203685e+18,0.0,0.0,9.22337203685e+18,0.0,9.22337203685e+18,0.0,9.22337203685e+18,0.0,9.22337203685e+18,0.0,9.22337203685e+18,0.0,9.22337203685e+18,0,0,9223372036854775807,0,9223372036854775807,0,9223372036854775807,0,9223372036854775807,0,9223372036854775807,0,9223372036854775807,0,9223372036854775807,0,9223372036854775807,0,9223372036854775807,0,9223372036854775807,0,9223372036854775807,0,9223372036854775807,0,9223372036854775807,0,9223372036854775807,0,9223372036854775807,0,9223372036854775807,0,9223372036854775807,0,9223372036854775807,0,9223372036854775807,0,9223372036854775807,0,9223372036854775807,0,9223372036854775807,0,0,0,0,9223372036854775807,9223372036854775807,9223372036854775807,0,0,0,0,0,0,0,0,0,0,2,0,22,0,0,0,0,0,0,0,0,0,0,0,0,0,0,0,1,0,6,0,0,0,1,0,50,0,0,0,0,0,0,1,0,18,0,0,0,0,0,0,0,0,0,0,0,0,0,0,0,0,0,0,0,0,0,0,0,0,0,0,0,1,0,10,2,0,91,0,0,0,0,0,0,0,0,0,0,0,0,0,0,0,0,0,0,0,0,0,0,0,0,0,0,0,0,0,0,0,0,0,1,0,4,0,0,0,0,0,0,0,0,0,0,0,0,0,0,0,0,0,0,0,0,0,0,0,0,0,0,0,0,0,0,0,0,0,0,0,0,0,0,0,0,0,0,0,0,0,0,0,0,0,0,0,0,0,0,0,0,0,0,0,0,0,0,0,0,0,0,0,0,0,0,0,0,0,0,0,0,0,0,0,0,0,0,0,0,0,0,0,0,0,0,0,0,0,0,0,0,0,0,0,0,0,0,0,0,0,0,0,0,0,0,0,0,0,0,0,0,0,0,0,0,0,0,0,0,0,0,0,0,0,0,0,0,0,0,0,0,0,0,0,0,0,0,0,0,0,0,0,0,0,0,0,0,0,0,0,0,0,0,0,0,0,0,0,0,0,0,0,0,0,0,0,0,0,0
1,20,0.0,0.0,0.0,6000000.0,12,6456,0.036,0.0197272727273,0.000191818181818,10166666.6667,250,2000,0.007,0.001,8.22580645161e-07,0.0,2,96,0.087,0.087,0.0,0.0,0,0,0,0,0,0.0,1,20,0.0,0.0,0.0,3000000.0,257,155485,0.04,0.00084375,2.5081372549e-05,0.0,0,0,0,0,0,0.0,0,0,0,0,0,0.0,1,20,0.0,0.0,0.0,0.0,1,326,0.0,0.0,0,0.0,13,7670,0.038,0.0181666666667,0.000220515151515,10769230.7692,0,0,0,0,0,0.0,0,0,0,0,0,0.0,4,1492,0.172,0.0573333333333,0.00986133333333,148500000.0,3,28338,0.091,0.0825,0.0001445,152666666.667,0,0,0,0,0,0.0,0,0,0,0,0,0.0,0,0,0,0,0,0.0,0,0,0,0,0,0.0,2,970,0.079,0.079,0.0,171500000.0,0,0,0,0,0,0.0,0,0,0,0,0,0.0,0,0,0.0,0.0,0,0.0,2,96,0.097,0.097,0.0,0.0,13,9334,0.04,0.0181666666667,0.000241787878788,10538461.5385,0,0,0,0,0,0.0,0,0,0,0,0,0.0,0,0,0,0,0,0.0,1,71,0.0,0.0,0.0,1000000.0,0,0,0,0,0,0.0,0,0,0,0,0,0.0,0,0,0,0,0,0.0,0,0,0,0,0,0.0,0,0,0,0,0,0.0,0,0,0,0,0,0.0,0,0,0,0,0,0.0,0,0,0.0,0.0,0,0.0,1,72,0.0,0.0,0.0,-1000000.0,0,0,0,0,0,0.0,0,0,0,0,0,0.0,0,0,0,0,0,0.0,0,0,0,0,0,0.0,0,0,0,0,0,0.0,0,0,0,0,0,0.0,0,0,0,0,0,0.0,0,0,0,0,0,0.0,1,20,0.0,0.0,0.0,6000000.0,1,668,0.0,0.0,0,0.0,0,0,0,0,0,0.0,0,0,0,0,0,0.0,0,0,0,0,0,0.0,0,0,0,0,0,0.0,0,0,0,0,0,0.0,0,0,0,0,0,0.0,0,0,0,0,0,0.0,0,0,0,0,0,0.0,1,20,0.0,0.0,0.0,2000000.0,0,0,0,0,0,0.0,0,0,0,0,0,0.0,2,13050,0.108,0.108,0.0,38000000.0,0,0,0,0,0,0.0,0,0,0,0,0,0.0,0,0,0,0,0,0.0,0,0,0,0,0,0.0,0,0,0,0,0,0.0,0,0,0,0,0,0.0,3,26592,0.119,0.111,0.000128,13666666.6667,0,0,0,0,0,0.0,0,0,0,0,0,0.0,0,0,0,0,0,0.0,0,0,0,0,0,0.0,2,142,0.108,0.108,0.0,38000000.0,0,0,0,0,0,0.0,0,0,0,0,0,0.0,0,0,0,0,0,0.0,0,0,0,0,0,0.0,0,0,0,0,0,0.0,0,0,0,0,0,0.0,2,313,0.107,0.107,0.0,66500000.0,0,0,0,0,0,0.0,0,0,0,0,0,0.0,14,2678,0.001,0.000153846153846,1.41025641025e-07,0.0,1,20,0.0,0.0,0,1000000.0,1,20,0.0,0.0,0,1000000.0,13,3133,0.028,0.01925,3.03863636364e-05,2538461.53846,2,40,0.201,0.201,0,0.0,1,20,0.0,0.0,0,2000000.0,0,0,0,0,0,0.0,2,726,0.099,0.099,0.0,2000000.0,2,10796,0.094,0.094,0.0,1500000.0,2,26812,0.097,0.097,0.0,0.0,0,0,0,0,0,0.0,2,150,0.096,0.096,0.0,500000.0,10,1555,0.037,0.0116666666667,0.0001805,0.0,47,47662,0.028,0.00502173913043,4.25995169082e-05,0.0,0,0,-3.21541079984e-06,5.89491764273e-05,1.35715138088e-05,-1.91458918357,-1.96259526e-05,2.20655985394,-0.00037929477957,-0.000893220342907,4.23215799454e-05,4.79614588729e-05,5.7447699537e-05,-4.13224288994e-05,4.99734972514e-06,0.0,0.0,0.0,0.0,0.0,0.0,0.0,0.0,0.0,0.0,0.0,0.0,0.0,-0.000228114995009,0.0159975184842,-1.81076550122e-05,-0.127144015855,0.000120118893832,0.124041473192,-0.00607851044955,-0.00904657635862,0.0102579387691,0.0186701497348,0.0416276864985,-0.0404823980959,-2.11498817191e-05,0,0,0,0,9223372036854775807,0,9223372036854775807,0,9223372036854775807,0,9223372036854775807,0,9223372036854775807,0,9223372036854775807,6.0,12.6999998093,0.0,6.52000007629,6.05780491649,10469376.0,10469376.0,10469376.0,0.0,486219776.0,486219776.0,486219776.0,0.0,0.0,0.0,9.22337203685e+18,0.0,9.22337203685e+18,0.0,9.22337203685e+18,0.0,9.22337203685e+18,0.0,9.22337203685e+18,0.0,9.22337203685e+18,0.0,0.0,9.22337203685e+18,0.0,9.22337203685e+18,0.0,9.22337203685e+18,0.0,9.22337203685e+18,0.0,9.22337203685e+18,0.0,9.22337203685e+18,0,0,9223372036854775807,0,9223372036854775807,0,9223372036854775807,0,9223372036854775807,0,9223372036854775807,0,9223372036854775807,0,9223372036854775807,0,9223372036854775807,0,9223372036854775807,0,9223372036854775807,0,9223372036854775807,0,9223372036854775807,0,9223372036854775807,0,9223372036854775807,0,9223372036854775807,0,9223372036854775807,0,9223372036854775807,0,9223372036854775807,0,9223372036854775807,0,9223372036854775807,0,9223372036854775807,0,9223372036854775807,0,0,0,0,9223372036854775807,9223372036854775807,9223372036854775807,0,0,0,0,0,0,0,0,0,0,0,0,0,0,0,0,1,0,6,0,0,0,0,0,0,0,0,0,1,0,6,1,0,3,0,0,0,0,0,0,0,0,0,0,0,0,0,0,0,0,0,0,0,0,0,0,0,0,0,0,0,0,0,0,0,0,0,0,0,0,0,0,0,1,0,11,0,0,0,0,0,0,0,0,0,0,0,0,1,0,5,0,0,0,0,0,0,0,0,0,0,0,0,0,0,0,0,0,0,0,0,0,0,0,0,0,0,0,0,0,0,0,0,0,0,0,0,0,0,0,0,0,0,0,0,0,0,0,0,0,0,0,1,0,5,1,0,5,0,0,0,0,0,0,0,0,0,0,0,0,0,0,0,0,0,0,0,0,0,0,0,0,0,0,0,0,0,0,0,0,0,0,0,0,0,0,0,0,0,0,0,0,0,0,0,0,0,0,0,0,0,0,0,0,0,0,0,0,0,0,0,0,0,0,0,0,0,0,0,0,0,0,0,0,0,0,0,0,0,0,0,0,0,0,0,0,0,0,0,0,0,0,0,0,0,0,0,0,0,0,0,0,0,1,0,6,0,0,0,0,0,0,0,0,0,0,0,0,1,0,11,0,0,0,0,0,0,0,0,0,0,0,0,0,0,0,0,0,0
2,40,0.201,0.201,0.0,0.0,12,6456,0.045,0.0174545454545,0.000283272727273,10250000.0,252,2016,0.013,0.00099203187251,1.88793625498e-06,0.0,3,144,0.107,0.105,7.99999999999e-06,0.0,0,0,0,0,0,0.0,1,20,0.0,0.0,0.0,0.0,252,152460,0.045,0.000884462151394,3.23985976096e-05,0.0,0,0,0,0,0,0.0,0,0,0,0,0,0.0,1,20,0.0,0.0,0.0,0.0,1,326,0.0,0.0,0,0.0,13,7670,0.039,0.0196666666667,0.000276606060606,13538461.5385,0,0,0,0,0,0.0,0,0,0,0,0,0.0,2,746,0.0,0.0,0.0,162000000.0,2,18883,0.074,0.074,0.0,174000000.0,0,0,0,0,0,0.0,0,0,0,0,0,0.0,0,0,0,0,0,0.0,0,0,0,0,0,0.0,3,354,0.114,0.097,0.000578,191333333.333,0,0,0,0,0,0.0,0,0,0,0,0,0.0,0,0,0.0,0.0,0,0.0,3,144,0.107,0.105,7.99999999999e-06,0.0,13,9334,0.038,0.0185,0.000249363636364,11153846.1538,0,0,0,0,0,0.0,0,0,0,0,0,0.0,0,0,0,0,0,0.0,1,71,0.0,0.0,0.0,-1000000.0,0,0,0,0,0,0.0,0,0,0,0,0,0.0,0,0,0,0,0,0.0,0,0,0,0,0,0.0,0,0,0,0,0,0.0,0,0,0,0,0,0.0,0,0,0,0,0,0.0,1,790,0.0,0.0,0,0.0,1,72,0.0,0.0,0.0,0.0,0,0,0,0,0,0.0,0,0,0,0,0,0.0,0,0,0,0,0,0.0,0,0,0,0,0,0.0,0,0,0,0,0,0.0,0,0,0,0,0,0.0,0,0,0,0,0,0.0,0,0,0,0,0,0.0,2,40,0.197,0.197,0.0,1500000.0,1,668,0.0,0.0,0,0.0,0,0,0,0,0,0.0,0,0,0,0,0,0.0,0,0,0,0,0,0.0,0,0,0,0,0,0.0,0,0,0,0,0,0.0,0,0,0,0,0,0.0,0,0,0,0,0,0.0,0,0,0,0,0,0.0,1,20,0.0,0.0,0.0,0.0,0,0,0,0,0,0.0,0,0,0,0,0,0.0,3,19575,0.12,0.1115,0.0001445,35000000.0,0,0,0,0,0,0.0,0,0,0,0,0,0.0,0,0,0,0,0,0.0,0,0,0,0,0,0.0,0,0,0,0,0,0.0,0,0,0,0,0,0.0,2,17728,0.119,0.119,0.0,15500000.0,0,0,0,0,0,0.0,0,0,0,0,0,0.0,0,0,0,0,0,0.0,0,0,0,0,0,0.0,3,213,0.122,0.112,0.0002,32000000.0,0,0,0,0,0,0.0,0,0,0,0,0,0.0,0,0,0,0,0,0.0,0,0,0,0,0,0.0,0,0,0,0,0,0.0,0,0,0,0,0,0.0,2,259,0.108,0.108,0.0,64500000.0,0,0,0,0,0,0.0,0,0,0,0,0,0.0,11,2094,0.0,0.0,0.0,0.0,2,40,0.2,0.2,0,0.0,1,20,0.0,0.0,0,-1000000.0,12,2892,0.03,0.0209090909091,2.60909090909e-05,1666666.66667,1,20,0.0,0.0,0,12000000.0,2,40,0.199,0.199,0,-500000.0,0,0,0,0,0,0.0,3,1089,0.109,0.103,7.2e-05,9000000.0,3,16194,0.103,0.103,6.31088724177e-30,5000000.0,3,40218,0.106,0.1045,4.49999999999e-06,6000000.0,0,0,0,0,0,0.0,3,225,0.106,0.1045,4.49999999999e-06,6000000.0,15,2257,0.068,0.0175714285714,0.000334879120879,0.0,48,47751,0.026,0.00495744680851,6.14329324699e-05,0.0,0,0,-3.24250355987e-06,3.40699811145e-05,1.35741620912e-05,-1.94768606845,-2.02912479006e-05,2.23469815498,-0.00037958906137,-0.000893458145673,4.23814103083e-05,4.79953664128e-05,5.74650357548e-05,-4.13783262026e-05,4.9997951681e-06,0.0,0.0,0.0,0.0,0.0,0.0,0.0,0.0,0.0,0.0,0.0,0.0,0.0,-0.000250303632062,0.0163239563538,-1.81005470559e-05,-0.12666925776,0.000121315640063,0.122975320543,-0.00625656876923,-0.00908074093888,0.0102843088224,0.018696060314,0.0416566936123,-0.0404874420116,-2.04959780434e-05,0,0,0,0,9223372036854775807,0,9223372036854775807,0,9223372036854775807,0,9223372036854775807,0,9223372036854775807,0,9223372036854775807,6.0,10.1000003815,0.0,5.66000003815,5.21373189663,10469376.0,10469376.0,10469376.0,0.0,486219776.0,486219776.0,486219776.0,0.0,0.0,0.0,9.22337203685e+18,0.0,9.22337203685e+18,0.0,9.22337203685e+18,0.0,9.22337203685e+18,0.0,9.22337203685e+18,0.0,9.22337203685e+18,0.0,0.0,9.22337203685e+18,0.0,9.22337203685e+18,0.0,9.22337203685e+18,0.0,9.22337203685e+18,0.0,9.22337203685e+18,0.0,9.22337203685e+18,0,0,9223372036854775807,0,9223372036854775807,0,9223372036854775807,0,9223372036854775807,0,9223372036854775807,0,9223372036854775807,0,9223372036854775807,0,9223372036854775807,0,9223372036854775807,0,9223372036854775807,0,9223372036854775807,0,9223372036854775807,0,9223372036854775807,0,9223372036854775807,0,9223372036854775807,0,9223372036854775807,0,9223372036854775807,0,9223372036854775807,0,9223372036854775807,0,9223372036854775807,0,9223372036854775807,0,9223372036854775807,0,0,0,0,9223372036854775807,9223372036854775807,9223372036854775807,0,2,0,11,0,0,0,0,0,0,0,0,0,0,0,0,0,0,0,0,0,0,0,0,0,0,0,0,0,0,0,0,0,0,2,4,102,0,0,0,0,0,0,0,0,0,1,0,10,0,0,0,0,0,0,0,0,0,0,0,0,0,0,0,0,0,0,0,0,0,0,0,0,0,0,0,0,0,0,0,0,0,0,0,0,0,0,0,0,0,0,0,0,0,0,0,0,0,0,0,0,0,0,0,0,0,0,0,0,0,0,0,0,0,0,0,0,0,0,0,0,0,0,0,0,0,0,0,0,0,0,0,0,0,0,0,0,0,0,0,0,0,1,0,5,0,0,0,0,0,0,0,0,0,0,0,0,0,0,0,0,0,0,0,0,0,0,0,0,0,0,0,0,0,0,0,0,0,0,0,0,1,0,8,0,0,0,0,0,0,0,0,0,0,0,0,0,0,0,0,0,0,1,0,8,0,0,0,0,0,0,0,0,0,0,0,0,1,0,8,0,0,0,0,0,0,0,0,0,0,0,0,0,0,0,0,0,0,1,0,8,0,0,0,0,0,0,0,0,0,1,0,6,0,0,0,0,0,0,0,0,0,1,0,5,0,0,0,0,0,0,1,0,11,1,0,11,0,0,0,1,0,11,0,0,0,0,0,0
1,20,0.0,0.0,0.0,3000000.0,12,6456,0.075,0.0192727272727,0.000504418181818,7083333.33333,251,2008,0.015,0.001,1.9437751004e-06,0.0,2,96,0.106,0.106,0.0,0.0,0,0,0,0,0,0.0,2,40,0.209,0.209,0.0,4000000.0,260,157300,0.05,0.000830115830116,2.77849809943e-05,0.0,0,0,0,0,0,0.0,0,0,0,0,0,0.0,2,40,0.2,0.2,0.0,0.0,0,0,0.0,0.0,0,0.0,12,7080,0.07,0.0205454545455,0.000500672727273,18250000.0,0,0,0,0,0,0.0,0,0,0,0,0,0.0,4,1492,0.184,0.0613333333333,0.0112853333333,146000000.0,3,28187,0.106,0.0915,0.0004205,163000000.0,0,0,0,0,0,0.0,0,0,0,0,0,0.0,0,0,0,0,0,0.0,0,0,0,0,0,0.0,3,285,0.094,0.0885,6.05e-05,181000000.0,0,0,0,0,0,0.0,0,0,0,0,0,0.0,0,0,0.0,0.0,0,0.0,2,96,0.091,0.091,0.0,0.0,12,8616,0.073,0.0206363636364,0.000531254545455,6666666.66667,0,0,0,0,0,0.0,0,0,0,0,0,0.0,0,0,0,0,0,0.0,1,71,0.0,0.0,0.0,-7000000.0,0,0,0,0,0,0.0,0,0,0,0,0,0.0,0,0,0,0,0,0.0,0,0,0,0,0,0.0,0,0,0,0,0,0.0,0,0,0,0,0,0.0,0,0,0,0,0,0.0,0,0,0.0,0.0,0,0.0,1,72,0.0,0.0,0.0,3000000.0,0,0,0,0,0,0.0,0,0,0,0,0,0.0,0,0,0,0,0,0.0,0,0,0,0,0,0.0,0,0,0,0,0,0.0,0,0,0,0,0,0.0,0,0,0,0,0,0.0,0,0,0,0,0,0.0,1,20,0.0,0.0,0.0,2000000.0,1,668,0.0,0.0,0,0.0,0,0,0,0,0,0.0,0,0,0,0,0,0.0,0,0,0,0,0,0.0,0,0,0,0,0,0.0,0,0,0,0,0,0.0,0,0,0,0,0,0.0,0,0,0,0,0,0.0,0,0,0,0,0,0.0,1,20,0.0,0.0,0.0,3000000.0,0,0,0,0,0,0.0,0,0,0,0,0,0.0,3,19575,0.122,0.1185,2.45e-05,45666666.6667,0,0,0,0,0,0.0,0,0,0,0,0,0.0,0,0,0,0,0,0.0,0,0,0,0,0,0.0,0,0,0,0,0,0.0,0,0,0,0,0,0.0,2,17728,0.077,0.077,0.0,33500000.0,0,0,0,0,0,0.0,0,0,0,0,0,0.0,0,0,0,0,0,0.0,0,0,0,0,0,0.0,2,142,0.115,0.115,0.0,52500000.0,0,0,0,0,0,0.0,0,0,0,0,0,0.0,0,0,0,0,0,0.0,0,0,0,0,0,0.0,0,0,0,0,0,0.0,0,0,0,0,0,0.0,3,430,0.119,0.112,9.8e-05,63333333.3333,0,0,0,0,0,0.0,0,0,0,0,0,0.0,0,0,0.0,0.0,0.0,0.0,1,20,0.0,0.0,0,0.0,1,20,0.0,0.0,0,36000000.0,13,3133,0.057,0.0200833333333,0.000246265151515,5615384.61538,1,20,0.0,0.0,0,4000000.0,1,20,0.0,0.0,0,0.0,0,0,0,0,0,0.0,2,726,0.096,0.096,0.0,3500000.0,2,10796,0.102,0.102,0.0,500000.0,2,26812,0.102,0.102,0.0,500000.0,0,0,0,0,0,0.0,2,150,0.102,0.102,0.0,500000.0,8,1236,0.057,0.025,0.000391,0.0,46,46337,0.048,0.00544444444444,8.02070707071e-05,0.0,0,0,-3.26863169242e-06,3.42243904488e-05,1.35768105203e-05,-1.9782928301,-2.12738232381e-05,2.26029945506,-0.000379835100849,-0.000893468704127,4.24269109143e-05,4.80121753004e-05,5.74478567534e-05,-4.14248457294e-05,5.00150228966e-06,0.0,0.0,0.0,0.0,0.0,0.0,0.0,0.0,0.0,0.0,0.0,0.0,0.0,-0.000273242806749,0.0166300340456,-1.81011526197e-05,-0.126579015085,0.000122446295407,0.122046703564,-0.00642782572451,-0.00911378277935,0.0103007749815,0.0187063888798,0.0416457676238,-0.0404905039424,-2.00209484276e-05,0,0,0,0,9223372036854775807,0,9223372036854775807,0,9223372036854775807,0,9223372036854775807,0,9223372036854775807,0,9223372036854775807,0.0,0.0,9.22337203685e+18,0.0,9.22337203685e+18,0.0,9.22337203685e+18,0.0,9.22337203685e+18,0.0,9.22337203685e+18,0.0,9.22337203685e+18,0.0,0.0,9.22337203685e+18,0.0,9.22337203685e+18,0.0,9.22337203685e+18,0.0,9.22337203685e+18,0.0,9.22337203685e+18,0.0,9.22337203685e+18,0.0,0.0,9.22337203685e+18,0.0,9.22337203685e+18,0.0,9.22337203685e+18,0.0,9.22337203685e+18,0.0,9.22337203685e+18,0.0,9.22337203685e+18,0,0,9223372036854775807,0,9223372036854775807,0,9223372036854775807,0,9223372036854775807,0,9223372036854775807,0,9223372036854775807,0,9223372036854775807,0,9223372036854775807,0,9223372036854775807,0,9223372036854775807,0,9223372036854775807,0,9223372036854775807,0,9223372036854775807,0,9223372036854775807,0,9223372036854775807,0,9223372036854775807,0,9223372036854775807,0,9223372036854775807,0,9223372036854775807,0,9223372036854775807,0,9223372036854775807,0,9223372036854775807,0,0,0,0,9223372036854775807,9223372036854775807,9223372036854775807,0,0,0,0,1,0,51,0,0,0,0,0,0,0,0,0,0,0,0,0,0,0,0,0,0,0,0,0,0,0,0,0,0,0,0,0,0,0,0,0,0,0,0,0,0,0,0,0,0,0,0,0,0,0,0,0,0,0,0,0,0,1,0,11,0,0,0,0,0,0,0,0,0,0,0,0,1,0,39,0,0,0,0,0,0,0,0,0,0,0,0,0,0,0,0,0,0,0,0,0,0,0,0,0,0,0,0,0,0,0,0,0,0,0,0,1,0,5,0,0,0,0,0,0,0,0,0,0,0,0,0,0,0,0,0,0,0,0,0,0,0,0,0,0,0,0,0,0,0,0,0,0,0,0,0,0,0,0,0,0,0,0,0,0,0,0,0,0,0,0,0,0,1,0,5,0,0,0,0,0,0,0,0,0,0,0,0,0,0,0,0,0,0,0,0,0,0,0,0,0,0,0,0,0,0,0,0,0,0,0,0,0,0,0,0,0,0,0,0,0,0,0,0,0,0,0,0,0,0,0,0,0,0,0,0,0,0,0,0,0,0,0,0,0,0,0,0,0,0,0,0,0,0,0,0,0,2,0,102,0,0,0,0,0,0,0,0,0,0,0,0,0,0,0,0,0,0,0,0,0,0,0,0,0,0,0,1,0,320
1,20,0.0,0.0,0.0,2000000.0,14,7532,0.06,0.0181538461538,0.000388307692308,7142857.14286,249,1992,0.009,0.00100806451613,1.44123024683e-06,0.0,3,144,0.098,0.093,5e-05,0.0,0,0,0,0,0,0.0,1,20,0.0,0.0,0.0,4000000.0,253,153065,0.034,0.000880952380952,2.59778030734e-05,0.0,0,0,0,0,0,0.0,0,0,0,0,0,0.0,1,20,0.0,0.0,0.0,0.0,1,326,0.0,0.0,0,0.0,13,7670,0.042,0.0181666666667,0.000248333333333,15538461.5385,0,0,0,0,0,0.0,0,0,0,0,0,0.0,4,1492,0.114,0.038,0.004332,159500000.0,2,18806,0.062,0.062,0.0,173000000.0,0,0,0,0,0,0.0,0,0,0,0,0,0.0,0,0,0,0,0,0.0,0,0,0,0,0,0.0,2,184,0.078,0.078,0.0,194000000.0,0,0,0,0,0,0.0,0,0,0,0,0,0.0,0,0,0.0,0.0,0,0.0,3,144,0.101,0.0995,4.50000000001e-06,0.0,13,9334,0.048,0.01925,0.000287477272727,9384615.38462,0,0,0,0,0,0.0,0,0,0,0,0,0.0,0,0,0,0,0,0.0,2,142,0.196,0.196,0.0,2000000.0,0,0,0,0,0,0.0,0,0,0,0,0,0.0,0,0,0,0,0,0.0,0,0,0,0,0,0.0,0,0,0,0,0,0.0,0,0,0,0,0,0.0,0,0,0,0,0,0.0,2,1520,0.198,0.198,0,-1500000.0,2,144,0.198,0.198,0.0,-1500000.0,0,0,0,0,0,0.0,0,0,0,0,0,0.0,0,0,0,0,0,0.0,0,0,0,0,0,0.0,0,0,0,0,0,0.0,0,0,0,0,0,0.0,0,0,0,0,0,0.0,0,0,0,0,0,0.0,1,20,0.0,0.0,0.0,1000000.0,1,668,0.0,0.0,0,0.0,0,0,0,0,0,0.0,0,0,0,0,0,0.0,0,0,0,0,0,0.0,0,0,0,0,0,0.0,0,0,0,0,0,0.0,0,0,0,0,0,0.0,0,0,0,0,0,0.0,0,0,0,0,0,0.0,2,40,0.202,0.202,0.0,0.0,0,0,0,0,0,0.0,0,0,0,0,0,0.0,2,13050,0.101,0.101,0.0,44000000.0,0,0,0,0,0,0.0,0,0,0,0,0,0.0,0,0,0,0,0,0.0,0,0,0,0,0,0.0,0,0,0,0,0,0.0,0,0,0,0,0,0.0,2,17728,0.097,0.097,0.0,19000000.0,0,0,0,0,0,0.0,0,0,0,0,0,0.0,0,0,0,0,0,0.0,0,0,0,0,0,0.0,2,142,0.101,0.101,0.0,41000000.0,0,0,0,0,0,0.0,0,0,0,0,0,0.0,0,0,0,0,0,0.0,0,0,0,0,0,0.0,0,0,0,0,0,0.0,0,0,0,0,0,0.0,2,260,0.096,0.096,0.0,65500000.0,0,0,0,0,0,0.0,0,0,0,0,0,0.0,20,3821,0.0,0.0,0.0,0.0,1,20,0.0,0.0,0,0.0,2,40,0.198,0.198,0,500000.0,12,2892,0.039,0.02,8.48e-05,2166666.66667,1,20,0.0,0.0,0,0.0,1,20,0.0,0.0,0,0.0,0,0,0,0,0,0.0,3,1089,0.103,0.1005,1.25e-05,7000000.0,3,16194,0.1,0.099,2e-06,5000000.0,3,40218,0.1,0.099,2e-06,5000000.0,0,0,0,0,0,0.0,3,225,0.1,0.099,2e-06,5000000.0,11,1474,0.071,0.0241,0.000702766666667,0.0,44,40535,0.039,0.00518604651163,6.53931339978e-05,0.0,0,0,-3.29762548468e-06,5.91536603931e-05,1.35799982681e-05,-2.01150576953,-3.92938493619e-05,2.28764078751,-0.000380099096742,-0.000893482228332,4.24735348599e-05,4.80300773482e-05,5.74298854072e-05,-4.14731077959e-05,5.00331824682e-06,0.0,0.0,0.0,0.0,0.0,0.0,0.0,0.0,0.0,0.0,0.0,0.0,0.0,-0.000300107385819,0.0169409591914,-1.81022329136e-05,-0.126381612983,0.000123634346761,0.121052546239,-0.00662169212904,-0.0091522027255,0.0103170593664,0.0187170189378,0.0416346378815,-0.0404938671655,-1.96615353537e-05,0,0,0,0,9223372036854775807,0,9223372036854775807,0,9223372036854775807,0,9223372036854775807,0,9223372036854775807,0,9223372036854775807,6.0,13.3000001907,0.0,4.76000003815,6.59264748143,10469376.0,10469376.0,10469376.0,0.0,486219776.0,486219776.0,486219776.0,0.0,6.0,10.5,0.0,6.06000003815,5.53786965869,15544320.0,15544320.0,15544320.0,0.0,472285184.0,472285184.0,472285184.0,0.0,11.0,30.7999992371,9.80000019073,16.4399999619,9.33664793812,69640192.0,69640192.0,69640192.0,0.0,962551808.0,962551808.0,962551808.0,0.0,0,0,9223372036854775807,0,9223372036854775807,0,9223372036854775807,0,9223372036854775807,0,9223372036854775807,0,9223372036854775807,0,9223372036854775807,0,9223372036854775807,0,9223372036854775807,0,9223372036854775807,0,9223372036854775807,0,9223372036854775807,0,9223372036854775807,0,9223372036854775807,0,9223372036854775807,0,9223372036854775807,0,9223372036854775807,0,9223372036854775807,0,9223372036854775807,0,9223372036854775807,0,9223372036854775807,0,9223372036854775807,0,0,0,0,9223372036854775807,9223372036854775807,9223372036854775807,0,0,0,0,0,0,0,0,0,0,2,0,22,0,0,0,0,0,0,0,0,0,0,0,0,0,0,0,1,0,6,0,0,0,1,0,51,0,0,0,0,0,0,1,0,14,0,0,0,0,0,0,0,0,0,0,0,0,0,0,0,0,0,0,0,0,0,0,0,0,0,0,0,0,0,0,1,0,50,0,0,0,0,0,0,0,0,0,0,0,0,0,0,0,0,0,0,0,0,0,0,0,0,0,0,0,0,0,0,0,0,0,0,0,0,0,0,0,0,0,0,0,0,0,0,0,0,0,0,0,0,0,0,0,0,0,0,0,0,0,0,0,0,0,0,0,0,0,0,0,0,0,0,0,0,0,0,0,0,0,0,0,0,0,0,0,0,0,0,0,0,0,0,0,0,0,0,0,0,0,0,0,0,0,0,0,0,0,0,0,0,0,0,0,0,0,0,0,0,0,0,0,0,0,0,0,0,0,0,0,0,0,0,0,0,0,0,0,0,0,0,0,0,0,0,0,0,0,0,0,0,0,0,0,0,0,0,0,0,0,0,0,0,0,0,0,0,1,0,41,0,0,0,0,0,0,0,0,0,1,0,6,0,0,0,0,0,0,0,0,0,3,0,33,0,0,0,0,0,0,0,0,0,0,0,0,0,0,0
1,20,0.0,0.0,0.0,6000000.0,12,6456,0.05,0.0194545454545,0.000306472727273,5083333.33333,251,2008,0.034,0.001,6.38554216867e-06,0.0,2,96,0.089,0.089,0.0,0.0,1,574,0,0,0,0.0,1,20,0.0,0.0,0.0,17000000.0,262,158510,0.037,0.000896551724138,2.42161803714e-05,0.0,0,0,0,0,0,0.0,0,0,0,0,0,0.0,1,20,0.0,0.0,0.0,0.0,1,326,0.0,0.0,0,0.0,13,7670,0.046,0.0195833333333,0.000285356060606,13923076.9231,0,0,0,0,0,0.0,0,0,0,0,0,0.0,4,1492,0.198,0.066,0.013068,165000000.0,3,28339,0.105,0.0985,8.45e-05,173000000.0,0,0,0,0,0,0.0,0,0,0,0,0,0.0,0,0,0,0,0,0.0,0,0,0,0,0,0.0,3,291,0.115,0.109,7.2e-05,208333333.333,0,0,0,0,0,0.0,0,0,0,0,0,0.0,0,0,0.0,0.0,0,0.0,2,96,0.104,0.104,0.0,0.0,13,9334,0.049,0.0195833333333,0.000291356060606,9153846.15385,0,0,0,0,0,0.0,0,0,0,0,0,0.0,0,0,0,0,0,0.0,1,71,0.0,0.0,0.0,-9000000.0,0,0,0,0,0,0.0,0,0,0,0,0,0.0,0,0,0,0,0,0.0,0,0,0,0,0,0.0,0,0,0,0,0,0.0,0,0,0,0,0,0.0,0,0,0,0,0,0.0,0,0,0.0,0.0,0,0.0,1,72,0.0,0.0,0.0,1000000.0,0,0,0,0,0,0.0,0,0,0,0,0,0.0,0,0,0,0,0,0.0,0,0,0,0,0,0.0,0,0,0,0,0,0.0,0,0,0,0,0,0.0,0,0,0,0,0,0.0,0,0,0,0,0,0.0,1,20,0.0,0.0,0.0,6000000.0,1,668,0.0,0.0,0,0.0,0,0,0,0,0,0.0,0,0,0,0,0,0.0,0,0,0,0,0,0.0,0,0,0,0,0,0.0,0,0,0,0,0,0.0,0,0,0,0,0,0.0,0,0,0,0,0,0.0,0,0,0,0,0,0.0,1,20,0.0,0.0,0.0,4000000.0,0,0,0,0,0,0.0,0,0,0,0,0,0.0,2,13050,0.116,0.116,0.0,38000000.0,0,0,0,0,0,0.0,0,0,0,0,0,0.0,0,0,0,0,0,0.0,0,0,0,0,0,0.0,0,0,0,0,0,0.0,0,0,0,0,0,0.0,2,17728,0.114,0.114,0.0,11000000.0,0,0,0,0,0,0.0,0,0,0,0,0,0.0,0,0,0,0,0,0.0,0,0,0,0,0,0.0,2,142,0.116,0.116,0.0,37000000.0,0,0,0,0,0,0.0,0,0,0,0,0,0.0,0,0,0,0,0,0.0,0,0,0,0,0,0.0,0,0,0,0,0,0.0,0,0,0,0,0,0.0,2,311,0.111,0.111,0.0,61500000.0,0,0,0,0,0,0.0,0,0,0,0,0,0.0,16,3059,0.0,0.0,0.0,0.0,1,20,0.0,0.0,0,1000000.0,1,20,0.0,0.0,0,0.0,13,3133,0.046,0.0200833333333,0.000102083333333,-769230.769231,2,40,0.172,0.172,0,-14500000.0,1,20,0.0,0.0,0,0.0,0,0,0,0,0,0.0,2,726,0.104,0.104,0.0,9000000.0,2,10796,0.097,0.097,0.0,5500000.0,2,26812,0.097,0.097,0.0,5500000.0,0,0,0,0,0,0.0,2,150,0.097,0.097,0.0,5500000.0,10,1425,0.08,0.0261111111111,0.000784861111111,0.0,48,48029,0.046,0.00517021276596,7.44486586494e-05,0.0,0,0,-3.32623871824e-06,3.21365540357e-05,1.3605372569e-05,-2.04129705277,-4.02269843498e-05,2.31395259476,-0.000371832777843,-0.000893388041402,4.13050896233e-05,4.76741527873e-05,5.77183454249e-05,-4.15200797787e-05,5.04296352677e-06,0.0,0.0,0.0,0.0,0.0,0.0,0.0,0.0,0.0,0.0,0.0,0.0,0.0,-0.000483734340387,0.00911265692998,-1.8891543111e-05,-0.116738138615,0.000139706994637,0.120590484751,-0.00353425200176,-0.00879817277172,0.00973980921508,0.0184885201645,0.0420897050399,-0.0411987930243,-3.19915462028e-06,0,0,0,0,9223372036854775807,0,9223372036854775807,0,9223372036854775807,0,9223372036854775807,0,9223372036854775807,0,9223372036854775807,6.0,10.5,0.0,5.96000003815,5.45279748076,10469376.0,10469376.0,10469376.0,0.0,486219776.0,486219776.0,486219776.0,0.0,0.0,0.0,9.22337203685e+18,0.0,9.22337203685e+18,0.0,9.22337203685e+18,0.0,9.22337203685e+18,0.0,9.22337203685e+18,0.0,9.22337203685e+18,11.0,37.5999984741,0.0,18.0399993896,14.0883988654,69640192.0,65576960.0,68827545.6,1817132.59207,962551808.0,962551808.0,962551808.0,0.0,0,0,9223372036854775807,0,9223372036854775807,0,9223372036854775807,0,9223372036854775807,0,9223372036854775807,0,9223372036854775807,0,9223372036854775807,0,9223372036854775807,0,9223372036854775807,0,9223372036854775807,0,9223372036854775807,0,9223372036854775807,0,9223372036854775807,0,9223372036854775807,0,9223372036854775807,0,9223372036854775807,0,9223372036854775807,0,9223372036854775807,0,9223372036854775807,0,9223372036854775807,0,9223372036854775807,0,9223372036854775807,0,0,0,0,9223372036854775807,9223372036854775807,9223372036854775807,0,0,0,0,0,0,0,0,0,0,0,0,0,1,0,1,1,0,5,0,0,0,0,0,0,0,0,0,0,0,0,1,0,3,0,0,0,0,0,0,0,0,0,1,0,14,0,0,0,0,0,0,0,0,0,0,0,0,0,0,0,0,0,0,0,0,0,0,0,0,0,0,0,2,0,22,0,0,0,0,0,0,0,0,0,0,0,0,0,0,0,0,0,0,0,0,0,0,0,0,0,0,0,0,0,0,0,0,0,0,0,0,0,0,0,0,0,0,0,0,0,0,0,0,0,0,0,0,0,0,0,0,0,0,0,0,0,0,0,0,0,0,0,0,0,1,0,4,0,0,0,0,0,0,0,0,0,0,0,0,0,0,0,0,0,0,0,0,0,0,0,0,0,0,0,0,0,0,0,0,0,0,0,0,0,0,0,0,0,0,0,0,0,0,0,0,0,0,0,0,0,0,0,0,0,0,0,0,0,0,0,0,0,0,0,0,0,0,0,0,0,0,0,0,0,0,0,0,0,0,0,0,0,0,0,0,0,0,0,0,0,0,0,0,0,0,0,0,0,0,0,0,0,0,0,0,0,0,0,0,0,0,0,0,0,0,0,0,1,0,10,0,0,0,0,0,0,0,0,0,0,0,0,0,0,0,0,0,0
2,40,0.19,0.19,0.0,-3000000.0,13,6994,0.05,0.0195,0.000277909090909,4846153.84615,254,2032,0.013,0.00098814229249,2.65462074158e-06,0.0,3,144,0.107,0.1,9.8e-05,0.0,0,0,0,0,0,0.0,1,20,0.0,0.0,0.0,15000000.0,245,148225,0.059,0.001,3.69465020576e-05,0.0,0,0,0,0,0,0.0,0,0,0,0,0,0.0,1,20,0.0,0.0,0.0,0.0,0,0,0.0,0.0,0,0.0,13,7670,0.042,0.0185,0.000267,17384615.3846,0,0,0,0,0,0.0,0,0,0,0,0,0.0,2,746,0.0,0.0,0.0,156000000.0,2,19021,0.133,0.133,0.0,175500000.0,0,0,0,0,0,0.0,0,0,0,0,0,0.0,0,0,0,0,0,0.0,0,0,0,0,0,0.0,2,293,0.102,0.102,0.0,202000000.0,0,0,0,0,0,0.0,0,0,0,0,0,0.0,0,0,0.0,0.0,0,0.0,3,144,0.093,0.092,2e-06,0.0,14,10052,0.042,0.017,0.000293833333333,11785714.2857,0,0,0,0,0,0.0,0,0,0,0,0,0.0,0,0,0,0,0,0.0,1,71,0.0,0.0,0.0,0.0,0,0,0,0,0,0.0,0,0,0,0,0,0.0,0,0,0,0,0,0.0,0,0,0,0,0,0.0,0,0,0,0,0,0.0,0,0,0,0,0,0.0,0,0,0,0,0,0.0,1,760,0.0,0.0,0,5000000.0,1,72,0.0,0.0,0.0,5000000.0,0,0,0,0,0,0.0,0,0,0,0,0,0.0,0,0,0,0,0,0.0,0,0,0,0,0,0.0,0,0,0,0,0,0.0,0,0,0,0,0,0.0,0,0,0,0,0,0.0,0,0,0,0,0,0.0,2,40,0.2,0.2,0.0,1500000.0,1,668,0.0,0.0,0,0.0,0,0,0,0,0,0.0,0,0,0,0,0,0.0,0,0,0,0,0,0.0,0,0,0,0,0,0.0,0,0,0,0,0,0.0,0,0,0,0,0,0.0,0,0,0,0,0,0.0,0,0,0,0,0,0.0,1,20,0.0,0.0,0.0,0.0,0,0,0,0,0,0.0,0,0,0,0,0,0.0,2,13050,0.133,0.133,0.0,51000000.0,0,0,0,0,0,0.0,0,0,0,0,0,0.0,0,0,0,0,0,0.0,0,0,0,0,0,0.0,0,0,0,0,0,0.0,0,0,0,0,0,0.0,2,17728,0.124,0.124,0.0,10500000.0,0,0,0,0,0,0.0,0,0,0,0,0,0.0,0,0,0,0,0,0.0,0,0,0,0,0,0.0,2,142,0.133,0.133,0.0,51000000.0,0,0,0,0,0,0.0,0,0,0,0,0,0.0,0,0,0,0,0,0.0,0,0,0,0,0,0.0,0,0,0,0,0,0.0,0,0,0,0,0,0.0,2,343,0.091,0.091,0.0,72000000.0,0,0,0,0,0,0.0,0,0,0,0,0,0.0,0,0,0.0,0.0,0.0,0.0,2,40,0.199,0.199,0,500000.0,1,20,0.0,0.0,0,0.0,12,2892,0.045,0.0199090909091,0.000209290909091,5916666.66667,1,20,0.0,0.0,0,2000000.0,2,40,0.198,0.198,0,500000.0,0,0,0,0,0,0.0,3,1089,0.106,0.097,0.000162,8333333.33333,3,16194,0.099,0.0975,4.49999999999e-06,5333333.33333,3,40218,0.107,0.0975,0.0001805,8000000.0,0,0,0,0,0,0.0,3,225,0.107,0.0975,0.0001805,8000000.0,17,2629,0.071,0.0129375,0.000392995833333,0.0,47,46426,0.033,0.00497826086957,8.09995169082e-05,0.0,0,0,-2.93244077998e-06,4.41470290937e-05,1.35603242803e-05,-2.07258081477,2.28707352719e-05,2.34380436182,-0.000383472447524,-0.000891083957492,4.29540589311e-05,4.80993254488e-05,5.68266507077e-05,-4.06457254776e-05,4.9995341298e-06,0.0,0.0,0.0,0.0,0.0,0.0,0.0,0.0,0.0,0.0,0.0,0.0,0.0,-0.0001096026486,0.0186197632177,-1.76765958008e-05,-0.126251025565,0.000122549452985,0.130231732243,-0.00735763150944,-0.00909641449111,0.0104611979705,0.0187091787943,0.0410106135566,-0.0398718462278,-1.5295803614e-05,0,0,0,0,9223372036854775807,0,9223372036854775807,0,9223372036854775807,0,9223372036854775807,0,9223372036854775807,0,9223372036854775807,0.0,0.0,9.22337203685e+18,0.0,9.22337203685e+18,0.0,9.22337203685e+18,0.0,9.22337203685e+18,0.0,9.22337203685e+18,0.0,9.22337203685e+18,0.0,0.0,9.22337203685e+18,0.0,9.22337203685e+18,0.0,9.22337203685e+18,0.0,9.22337203685e+18,0.0,9.22337203685e+18,0.0,9.22337203685e+18,0.0,0.0,9.22337203685e+18,0.0,9.22337203685e+18,0.0,9.22337203685e+18,0.0,9.22337203685e+18,0.0,9.22337203685e+18,0.0,9.22337203685e+18,0,0,9223372036854775807,0,9223372036854775807,0,9223372036854775807,0,9223372036854775807,0,9223372036854775807,0,9223372036854775807,0,9223372036854775807,0,9223372036854775807,0,9223372036854775807,0,9223372036854775807,0,9223372036854775807,0,9223372036854775807,0,9223372036854775807,0,9223372036854775807,0,9223372036854775807,0,9223372036854775807,0,9223372036854775807,0,9223372036854775807,0,9223372036854775807,0,9223372036854775807,0,9223372036854775807,0,9223372036854775807,0,0,0,0,9223372036854775807,9223372036854775807,9223372036854775807,0,1,0,6,0,0,0,0,0,0,0,0,0,0,0,0,0,0,0,0,0,0,0,0,0,0,0,0,1,0,6,0,0,0,0,0,0,0,0,0,0,0,0,0,0,0,1,0,11,0,0,0,0,0,0,0,0,0,0,0,0,0,0,0,0,0,0,0,0,0,0,0,0,0,0,0,1,0,39,0,0,0,0,0,0,0,0,0,1,0,6,0,0,0,0,0,0,0,0,0,0,0,0,0,0,0,0,0,0,0,0,0,1,0,4,0,0,0,0,0,0,0,0,0,0,0,0,0,0,0,0,0,0,0,0,0,0,0,0,0,0,0,2,0,11,0,0,0,0,0,0,0,0,0,0,0,0,0,0,0,0,0,0,0,0,0,0,0,0,0,0,0,0,0,0,0,0,0,0,0,0,1,0,9,0,0,0,0,0,0,0,0,0,0,0,0,0,0,0,0,0,0,1,0,9,0,0,0,0,0,0,0,0,0,0,0,0,1,0,9,0,0,0,0,0,0,0,0,0,0,0,0,0,0,0,0,0,0,1,0,9,0,0,0,0,0,0,0,0,0,0,0,0,1,0,6,0,0,0,0,0,0,1,0,5,0,0,0,0,0,0,1,0,10,1,0,10,0,0,0,1,0,10,0,0,0,0,0,0
1,20,0.0,0.0,0.0,1000000.0,11,5918,0.055,0.0209,0.0004641,5272727.27273,252,2016,0.016,0.000996015936255,2.41998406375e-06,0.0,2,96,0.1,0.1,0.0,0.0,0,0,0,0,0,0.0,2,40,0.176,0.176,0.0,5000000.0,223,134915,0.057,0.000693693693694,2.70731727202e-05,0.0,0,0,0,0,0,0.0,0,0,0,0,0,0.0,2,40,0.195,0.195,0.0,2500000.0,1,326,0.0,0.0,0,0.0,11,6490,0.057,0.0211,0.000542544444444,14181818.1818,0,0,0,0,0,0.0,0,0,0,0,0,0.0,4,1492,0.096,0.032,0.003072,167500000.0,3,28857,0.109,0.1055,2.45e-05,173666666.667,0,0,0,0,0,0.0,0,0,0,0,0,0.0,0,0,0,0,0,0.0,0,0,0,0,0,0.0,2,305,0.09,0.09,0.0,205500000.0,0,0,0,0,0,0.0,0,0,0,0,0,0.0,0,0,0.0,0.0,0,0.0,2,96,0.1,0.1,0.0,0.0,11,7898,0.065,0.0219,0.000646988888889,4727272.72727,0,0,0,0,0,0.0,0,0,0,0,0,0.0,0,0,0,0,0,0.0,1,71,0.0,0.0,0.0,-11000000.0,0,0,0,0,0,0.0,0,0,0,0,0,0.0,0,0,0,0,0,0.0,0,0,0,0,0,0.0,0,0,0,0,0,0.0,0,0,0,0,0,0.0,0,0,0,0,0,0.0,1,760,0.0,0.0,0,-1000000.0,1,72,0.0,0.0,0.0,-1000000.0,0,0,0,0,0,0.0,0,0,0,0,0,0.0,0,0,0,0,0,0.0,0,0,0,0,0,0.0,0,0,0,0,0,0.0,0,0,0,0,0,0.0,0,0,0,0,0,0.0,0,0,0,0,0,0.0,1,20,0.0,0.0,0.0,0.0,1,668,0.0,0.0,0,0.0,0,0,0,0,0,0.0,0,0,0,0,0,0.0,0,0,0,0,0,0.0,0,0,0,0,0,0.0,0,0,0,0,0,0.0,0,0,0,0,0,0.0,0,0,0,0,0,0.0,0,0,0,0,0,0.0,1,20,0.0,0.0,0.0,0.0,0,0,0,0,0,0.0,0,0,0,0,0,0.0,3,19575,0.116,0.1125,2.45e-05,32666666.6667,0,0,0,0,0,0.0,0,0,0,0,0,0.0,0,0,0,0,0,0.0,0,0,0,0,0,0.0,0,0,0,0,0,0.0,0,0,0,0,0,0.0,3,26592,0.113,0.107,7.2e-05,13333333.3333,0,0,0,0,0,0.0,0,0,0,0,0,0.0,0,0,0,0,0,0.0,0,0,0,0,0,0.0,3,213,0.116,0.112,3.2e-05,32000000.0,0,0,0,0,0,0.0,0,0,0,0,0,0.0,0,0,0,0,0,0.0,0,0,0,0,0,0.0,0,0,0,0,0,0.0,0,0,0,0,0,0.0,2,378,0.112,0.112,0.0,64000000.0,0,0,0,0,0,0.0,0,0,0,0,0,0.0,17,3242,0.043,0.0026875,0.0001155625,0.0,1,20,0.0,0.0,0,11000000.0,1,20,0.0,0.0,0,17000000.0,13,3133,0.057,0.0195,0.000279727272727,5692307.69231,1,20,0.0,0.0,0,0.0,1,20,0.0,0.0,0,11000000.0,0,0,0,0,0,0.0,2,726,0.107,0.107,0.0,8500000.0,2,10796,0.093,0.093,0.0,-500000.0,2,26812,0.093,0.093,0.0,-500000.0,0,0,0,0,0,0.0,2,150,0.093,0.093,0.0,-500000.0,8,1259,0.127,0.0334285714286,0.00230895238095,0.0,50,52595,0.043,0.00485714285714,9.24583333333e-05,0.0,0,0,-3.39011484751e-06,3.63951831348e-05,1.36154330717e-05,-2.099039964,-4.08095623667e-05,2.36885261188,-0.000373304344627,-0.000892875836997,4.146234361e-05,4.77614012873e-05,5.73840226492e-05,-4.15497109346e-05,5.04904057586e-06,0.0,0.0,0.0,0.0,0.0,0.0,0.0,0.0,0.0,0.0,0.0,0.0,0.0,-0.000514886065581,0.0112018444299,-1.89896791456e-05,-0.116564162174,0.000144298626331,0.118961151766,-0.0041992138796,-0.00897191908201,0.00985623209098,0.0185551822434,0.0417831852295,-0.0411569145247,-2.38978154725e-06,0,0,0,0,9223372036854775807,0,9223372036854775807,0,9223372036854775807,0,9223372036854775807,0,9223372036854775807,0,9223372036854775807,6.0,11.3000001907,0.0,4.13999996185,5.70858999049,10469376.0,10469376.0,10469376.0,0.0,486219776.0,486219776.0,486219776.0,0.0,6.0,10.8000001907,0.0,6.32000007629,5.77555198492,15544320.0,15544320.0,15544320.0,0.0,472285184.0,472285184.0,472285184.0,0.0,0.0,0.0,9.22337203685e+18,0.0,9.22337203685e+18,0.0,9.22337203685e+18,0.0,9.22337203685e+18,0.0,9.22337203685e+18,0.0,9.22337203685e+18,0,0,9223372036854775807,0,9223372036854775807,0,9223372036854775807,0,9223372036854775807,0,9223372036854775807,0,9223372036854775807,0,9223372036854775807,0,9223372036854775807,0,9223372036854775807,0,9223372036854775807,0,9223372036854775807,0,9223372036854775807,0,9223372036854775807,0,9223372036854775807,0,9223372036854775807,0,9223372036854775807,0,9223372036854775807,0,9223372036854775807,0,9223372036854775807,0,9223372036854775807,0,9223372036854775807,0,9223372036854775807,0,0,0,0,9223372036854775807,9223372036854775807,9223372036854775807,0,1,0,6,1,0,52,0,0,0,0,0,0,0,0,0,0,0,0,0,0,0,0,0,0,0,0,0,0,0,0,0,0,0,2,3,102,0,0,0,0,0,0,0,0,0,0,0,0,0,0,0,0,0,0,0,0,0,0,0,0,1,0,10,0,0,0,0,0,0,0,0,0,0,0,0,0,0,0,0,0,0,0,0,0,0,0,0,0,0,0,0,0,0,0,0,0,0,0,0,0,0,0,0,0,0,0,0,0,0,0,0,0,0,0,0,0,0,0,0,0,0,0,0,0,0,0,0,0,0,0,0,0,0,0,0,0,0,0,0,0,0,0,0,0,0,0,0,0,0,0,0,0,0,0,0,0,0,0,0,0,0,0,0,0,0,0,0,0,0,0,0,0,0,0,0,0,0,0,0,0,0,0,0,0,0,0,0,0,0,0,0,0,0,0,0,0,0,0,0,0,0,0,0,0,0,0,0,0,0,0,0,0,0,0,0,0,0,0,0,0,0,0,0,0,0,0,0,0,0,0,0,0,0,0,0,0,0,0,0,0,0,0,0,0,0,0,0,0,0,1,0,6,0,0,0,2,0,104,0,0,0,0,0,0,0,0,0,0,0,0,0,0,0,0,0,0,0,0,0,0,0,0,0,0,0,0,0,0
1,20,0.0,0.0,0.0,2000000.0,14,7532,0.059,0.0177692307692,0.000448692307692,4571428.57143,251,2008,0.02,0.001,4.4578313253e-06,0.0,3,144,0.1,0.0995,5.00000000001e-07,0.0,0,0,0,0,0,0.0,1,20,0.0,0.0,0.0,1000000.0,245,148225,0.038,0.000754098360656,2.2062740336e-05,0.0,0,0,0,0,0,0.0,0,0,0,0,0,0.0,1,20,0.0,0.0,0.0,21000000.0,0,0,0.0,0.0,0,0.0,13,7670,0.039,0.0170833333333,0.000329174242424,19461538.4615,0,0,0,0,0,0.0,0,0,0,0,0,0.0,4,1492,0.1,0.0333333333333,0.00333333333333,180000000.0,2,19415,0.1,0.1,0.0,180000000.0,0,0,0,0,0,0.0,0,0,0,0,0,0.0,0,0,0,0,0,0.0,0,0,0,0,0,0.0,3,399,0.117,0.1085,0.0001445,211333333.333,0,0,0,0,0,0.0,0,0,0,0,0,0.0,0,0,0.0,0.0,0,0.0,3,144,0.1,0.0995,5.00000000001e-07,0.0,12,8616,0.039,0.0146363636364,0.000250254545455,9750000.0,0,0,0,0,0,0.0,0,0,0,0,0,0.0,0,0,0,0,0,0.0,2,142,0.2,0.2,0.0,0.0,0,0,0,0,0,0.0,0,0,0,0,0,0.0,0,0,0,0,0,0.0,0,0,0,0,0,0.0,0,0,0,0,0,0.0,0,0,0,0,0,0.0,0,0,0,0,0,0.0,1,730,0.0,0.0,0,6000000.0,2,144,0.205,0.205,0.0,3500000.0,0,0,0,0,0,0.0,0,0,0,0,0,0.0,0,0,0,0,0,0.0,0,0,0,0,0,0.0,0,0,0,0,0,0.0,0,0,0,0,0,0.0,0,0,0,0,0,0.0,0,0,0,0,0,0.0,1,20,0.0,0.0,0.0,20000000.0,1,668,0.0,0.0,0,0.0,0,0,0,0,0,0.0,0,0,0,0,0,0.0,0,0,0,0,0,0.0,0,0,0,0,0,0.0,0,0,0,0,0,0.0,0,0,0,0,0,0.0,0,0,0,0,0,0.0,0,0,0,0,0,0.0,2,40,0.205,0.205,0.0,6500000.0,0,0,0,0,0,0.0,0,0,0,0,0,0.0,2,13050,0.126,0.126,0.0,45500000.0,0,0,0,0,0,0.0,0,0,0,0,0,0.0,0,0,0,0,0,0.0,0,0,0,0,0,0.0,0,0,0,0,0,0.0,0,0,0,0,0,0.0,2,17728,0.141,0.141,0.0,27000000.0,0,0,0,0,0,0.0,0,0,0,0,0,0.0,0,0,0,0,0,0.0,0,0,0,0,0,0.0,2,142,0.125,0.125,0.0,44000000.0,0,0,0,0,0,0.0,0,0,0,0,0,0.0,0,0,0,0,0,0.0,0,0,0,0,0,0.0,0,0,0,0,0,0.0,0,0,0,0,0,0.0,2,431,0.123,0.123,0.0,69000000.0,0,0,0,0,0,0.0,0,0,0,0,0,0.0,0,0,0.0,0.0,0.0,0.0,1,20,0.0,0.0,0,0.0,2,40,0.19,0.19,0,6000000.0,12,2892,0.04,0.0196363636364,9.86545454545e-05,3583333.33333,1,20,0.0,0.0,0,9000000.0,1,20,0.0,0.0,0,0.0,0,0,0,0,0,0.0,3,1089,0.114,0.1025,0.0002645,9000000.0,3,16194,0.103,0.092,0.000242,-6000000.0,3,40218,0.103,0.092,0.000242,-6000000.0,0,0,0,0,0,0.0,3,225,0.103,0.092,0.000242,-6000000.0,8,1077,0.114,0.0292857142857,0.00227557142857,0.0,43,38252,0.039,0.0052619047619,8.29297328688e-05,0.0,0,0,-3.6165126831e-06,-9.8824764212e-06,1.35237193497e-05,-2.13033927098,2.58320023363e-05,2.39827642493,-0.000364985447897,-0.000894757505328,3.93860163088e-05,4.67051143964e-05,6.19093165266e-05,-4.12854034784e-05,4.91206627995e-06,0.0,0.0,0.0,0.0,0.0,0.0,0.0,0.0,0.0,0.0,0.0,0.0,0.0,-0.00114682114651,-0.0101264739403,-1.84852951244e-05,-0.120153416506,0.000143018226297,0.08867181937,0.00144370356851,-0.00367266655386,0.00868796008493,0.0179407085745,0.0448549055248,-0.042808086743,0.00012744431459,0,0,0,0,9223372036854775807,0,9223372036854775807,0,9223372036854775807,0,9223372036854775807,0,9223372036854775807,0,9223372036854775807,0.0,0.0,9.22337203685e+18,0.0,9.22337203685e+18,0.0,9.22337203685e+18,0.0,9.22337203685e+18,0.0,9.22337203685e+18,0.0,9.22337203685e+18,0.0,0.0,9.22337203685e+18,0.0,9.22337203685e+18,0.0,9.22337203685e+18,0.0,9.22337203685e+18,0.0,9.22337203685e+18,0.0,9.22337203685e+18,0.0,0.0,9.22337203685e+18,0.0,9.22337203685e+18,0.0,9.22337203685e+18,0.0,9.22337203685e+18,0.0,9.22337203685e+18,0.0,9.22337203685e+18,0,0,9223372036854775807,0,9223372036854775807,0,9223372036854775807,0,9223372036854775807,0,9223372036854775807,0,9223372036854775807,0,9223372036854775807,0,9223372036854775807,0,9223372036854775807,0,9223372036854775807,0,9223372036854775807,0,9223372036854775807,0,9223372036854775807,0,9223372036854775807,0,9223372036854775807,0,9223372036854775807,0,9223372036854775807,0,9223372036854775807,0,9223372036854775807,0,9223372036854775807,0,9223372036854775807,0,9223372036854775807,0,0,0,0,9223372036854775807,9223372036854775807,9223372036854775807,0,0,0,0,0,0,0,0,0,0,0,0,0,0,0,0,0,0,0,0,0,0,0,0,0,0,0,0,1,0,5,0,0,0,1,0,51,0,0,0,0,0,0,0,0,0,0,0,0,0,0,0,0,0,0,0,0,0,0,0,0,0,0,0,0,0,0,0,0,0,0,0,0,0,0,0,0,0,0,0,0,0,0,0,0,0,0,0,0,0,0,0,0,0,0,0,0,0,0,0,0,0,0,0,0,0,0,0,0,0,0,0,0,0,0,1,0,6,0,0,0,0,0,0,0,0,0,0,0,0,0,0,0,0,0,0,0,0,0,0,0,0,0,0,0,0,0,0,0,0,0,0,0,0,0,0,0,0,0,0,0,0,0,0,0,0,0,0,0,0,0,0,1,0,6,0,0,0,0,0,0,0,0,0,0,0,0,0,0,0,0,0,0,0,0,0,0,0,0,0,0,0,0,0,0,0,0,0,0,0,0,0,0,0,0,0,0,0,0,0,0,0,0,0,0,0,0,0,0,0,0,0,0,0,0,0,0,0,0,0,0,0,0,0,0,0,0,0,0,0,0,0,0,0,0,0,0,0,0,1,0,5,0,0,0,0,0,0,0,0,0,3,0,33,0,0,0,0,0,0,0,0,0,0,0,0,0,0,0
1,20,0.0,0.0,0.0,0.0,11,5918,0.057,0.02,0.000408888888889,3545454.54545,251,2008,0.013,0.001,1.87148594377e-06,0.0,2,96,0.108,0.108,0.0,0.0,1,574,0,0,0,0.0,1,20,0.0,0.0,0.0,0.0,261,157905,0.062,0.000842307692308,3.07202108702e-05,0.0,0,0,0,0,0,0.0,0,0,0,0,0,0.0,1,20,0.0,0.0,0.0,1000000.0,1,326,0.0,0.0,0,0.0,12,7080,0.055,0.0196363636364,0.000428254545455,15666666.6667,0,0,0,0,0,0.0,0,0,0,0,0,0.0,6,2238,0.104,0.0394,0.0029258,168333333.333,3,29431,0.093,0.0805,0.0003125,180333333.333,0,0,0,0,0,0.0,0,0,0,0,0,0.0,0,0,0,0,0,0.0,0,0,0,0,0,0.0,2,282,0.1,0.1,0.0,205500000.0,0,0,0,0,0,0.0,0,0,0,0,0,0.0,0,0,0.0,0.0,0,0.0,2,96,0.096,0.096,0.0,0.0,12,8616,0.062,0.0171818181818,0.000447563636364,2500000.0,0,0,0,0,0,0.0,0,0,0,0,0,0.0,0,0,0,0,0,0.0,1,71,0.0,0.0,0.0,-1000000.0,0,0,0,0,0,0.0,0,0,0,0,0,0.0,0,0,0,0,0,0.0,0,0,0,0,0,0.0,0,0,0,0,0,0.0,0,0,0,0,0,0.0,0,0,0,0,0,0.0,1,730,0.0,0.0,0,0.0,1,72,0.0,0.0,0.0,0.0,0,0,0,0,0,0.0,0,0,0,0,0,0.0,0,0,0,0,0,0.0,0,0,0,0,0,0.0,0,0,0,0,0,0.0,0,0,0,0,0,0.0,0,0,0,0,0,0.0,0,0,0,0,0,0.0,1,20,0.0,0.0,0.0,0.0,1,668,0.0,0.0,0,0.0,0,0,0,0,0,0.0,0,0,0,0,0,0.0,0,0,0,0,0,0.0,0,0,0,0,0,0.0,0,0,0,0,0,0.0,0,0,0,0,0,0.0,0,0,0,0,0,0.0,0,0,0,0,0,0.0,1,20,0.0,0.0,0.0,0.0,0,0,0,0,0,0.0,0,0,0,0,0,0.0,2,13050,0.13,0.13,0.0,41000000.0,0,0,0,0,0,0.0,0,0,0,0,0,0.0,0,0,0,0,0,0.0,0,0,0,0,0,0.0,0,0,0,0,0,0.0,0,0,0,0,0,0.0,2,17728,0.105,0.105,0.0,13500000.0,0,0,0,0,0,0.0,0,0,0,0,0,0.0,0,0,0,0,0,0.0,0,0,0,0,0,0.0,2,142,0.131,0.131,0.0,40500000.0,0,0,0,0,0,0.0,0,0,0,0,0,0.0,0,0,0,0,0,0.0,0,0,0,0,0,0.0,0,0,0,0,0,0.0,0,0,0,0,0,0.0,3,691,0.107,0.106,2e-06,72666666.6667,0,0,0,0,0,0.0,0,0,0,0,0,0.0,10,1913,0.0,0.0,0.0,0.0,1,20,0.0,0.0,0,6000000.0,1,20,0.0,0.0,0,0.0,13,3133,0.039,0.0188333333333,0.000149242424242,7230769.23077,2,40,0.173,0.173,0,14000000.0,1,20,0.0,0.0,0,6000000.0,0,0,0,0,0,0.0,2,726,0.098,0.098,0.0,5500000.0,2,10796,0.092,0.092,0.0,1500000.0,2,26812,0.099,0.099,0.0,5000000.0,0,0,0,0,0,0.0,2,150,0.098,0.098,0.0,5500000.0,8,1102,0.116,0.0312857142857,0.00160923809524,0.0,48,48987,0.034,0.00512765957447,6.45920444033e-05,0.0,0,0,-3.30340141286e-06,3.84986330104e-05,1.36145331471e-05,-2.15923475254,2.71231179738e-05,2.4252779113,-0.000374757716342,-0.000892457362193,4.15421111768e-05,4.76118820716e-05,5.76467897675e-05,-4.13354378027e-05,5.02009517866e-06,0.0,0.0,0.0,0.0,0.0,0.0,0.0,0.0,0.0,0.0,0.0,0.0,0.0,-0.000474992202756,0.0110005329879,-1.82641861785e-05,-0.12043213489,0.000134403333337,0.119726882332,-0.00511169905557,-0.00872296593985,0.00980861653212,0.0183855238644,0.0419227223558,-0.0408614419111,-7.4470904322e-06,0,0,0,0,9223372036854775807,0,9223372036854775807,0,9223372036854775807,0,9223372036854775807,0,9223372036854775807,0,9223372036854775807,6.0,12.6999998093,0.0,6.41999988556,6.05739209755,10469376.0,10469376.0,10469376.0,0.0,486219776.0,486219776.0,486219776.0,0.0,0.0,0.0,9.22337203685e+18,0.0,9.22337203685e+18,0.0,9.22337203685e+18,0.0,9.22337203685e+18,0.0,9.22337203685e+18,0.0,9.22337203685e+18,0.0,0.0,9.22337203685e+18,0.0,9.22337203685e+18,0.0,9.22337203685e+18,0.0,9.22337203685e+18,0.0,9.22337203685e+18,0.0,9.22337203685e+18,0,0,9223372036854775807,0,9223372036854775807,0,9223372036854775807,0,9223372036854775807,0,9223372036854775807,0,9223372036854775807,0,9223372036854775807,0,9223372036854775807,0,9223372036854775807,0,9223372036854775807,0,9223372036854775807,0,9223372036854775807,0,9223372036854775807,0,9223372036854775807,0,9223372036854775807,0,9223372036854775807,0,9223372036854775807,0,9223372036854775807,0,9223372036854775807,0,9223372036854775807,0,9223372036854775807,0,9223372036854775807,0,0,0,0,9223372036854775807,9223372036854775807,9223372036854775807,0,0,0,0,0,0,0,0,0,0,2,0,22,1,0,1,0,0,0,0,0,0,0,0,0,0,0,0,0,0,0,0,0,0,0,0,0,0,0,0,0,0,0,1,0,14,0,0,0,0,0,0,0,0,0,0,0,0,0,0,0,0,0,0,0,0,0,0,0,0,0,0,0,1,0,10,1,0,52,0,0,0,0,0,0,0,0,0,0,0,0,0,0,0,0,0,0,0,0,0,0,0,0,0,0,0,0,0,0,0,0,0,0,0,0,0,0,0,0,0,0,0,0,0,0,0,0,0,0,0,0,0,0,0,0,0,0,0,0,0,0,0,0,0,0,0,0,0,0,0,0,0,0,0,0,0,0,0,0,0,0,0,0,0,0,0,0,0,0,0,0,0,0,0,0,0,0,0,0,0,0,0,0,0,0,0,0,0,0,0,0,0,0,0,0,0,0,0,0,0,0,0,0,0,0,0,0,0,0,0,0,0,0,0,0,0,0,0,0,0,0,0,0,0,0,0,0,0,0,0,0,0,0,0,0,0,0,0,0,0,0,0,0,0,0,0,0,1,0,53,0,0,0,0,0,0,0,0,0,0,0,0,0,0,0,0,0,0,0,0,0,0,0,0,0,0,0,0,0,0,0,0,0,0,0,0,0,0,0
2,40,0.206,0.206,0.0,6500000.0,13,6994,0.057,0.0199166666667,0.000397174242424,5230769.23077,251,2008,0.015,0.001,2.65863453815e-06,0.0,3,144,0.117,0.103,0.000392,0.0,0,0,0,0,0,0.0,1,20,0.0,0.0,0.0,8000000.0,240,145200,0.072,0.000882845188285,4.19021834675e-05,0.0,0,0,0,0,0,0.0,0,0,0,0,0,0.0,1,20,0.0,0.0,0.0,0.0,1,326,0.0,0.0,0,0.0,14,8260,0.053,0.0183846153846,0.000363756410256,16500000.0,0,0,0,0,0,0.0,0,0,0,0,0,0.0,2,746,0.0,0.0,0.0,197000000.0,2,19857,0.111,0.111,0.0,195000000.0,0,0,0,0,0,0.0,0,0,0,0,0,0.0,0,0,0,0,0,0.0,0,0,0,0,0,0.0,3,480,0.127,0.1155,0.0002645,209666666.667,0,0,0,0,0,0.0,0,0,0,0,0,0.0,0,0,0.0,0.0,0,0.0,3,144,0.11,0.1055,4.05e-05,0.0,14,10052,0.057,0.0187692307692,0.000353192307692,4714285.71429,0,0,0,0,0,0.0,0,0,0,0,0,0.0,0,0,0,0,0,0.0,1,71,0.0,0.0,0.0,-15000000.0,0,0,0,0,0,0.0,0,0,0,0,0,0.0,0,0,0,0,0,0.0,0,0,0,0,0,0.0,0,0,0,0,0,0.0,0,0,0,0,0,0.0,0,0,0,0,0,0.0,0,0,0.0,0.0,0,0.0,1,72,0.0,0.0,0.0,5000000.0,0,0,0,0,0,0.0,0,0,0,0,0,0.0,0,0,0,0,0,0.0,0,0,0,0,0,0.0,0,0,0,0,0,0.0,0,0,0,0,0,0.0,0,0,0,0,0,0.0,0,0,0,0,0,0.0,2,40,0.206,0.206,0.0,6000000.0,1,668,0.0,0.0,0,0.0,0,0,0,0,0,0.0,0,0,0,0,0,0.0,0,0,0,0,0,0.0,0,0,0,0,0,0.0,0,0,0,0,0,0.0,0,0,0,0,0,0.0,0,0,0,0,0,0.0,0,0,0,0,0,0.0,1,20,0.0,0.0,0.0,0.0,0,0,0,0,0,0.0,0,0,0,0,0,0.0,2,13050,0.138,0.138,0.0,40000000.0,0,0,0,0,0,0.0,0,0,0,0,0,0.0,0,0,0,0,0,0.0,0,0,0,0,0,0.0,0,0,0,0,0,0.0,0,0,0,0,0,0.0,2,17728,0.166,0.166,0.0,25000000.0,0,0,0,0,0,0.0,0,0,0,0,0,0.0,0,0,0,0,0,0.0,0,0,0,0,0,0.0,2,142,0.138,0.138,0.0,40000000.0,0,0,0,0,0,0.0,0,0,0,0,0,0.0,0,0,0,0,0,0.0,0,0,0,0,0,0.0,0,0,0,0,0,0.0,0,0,0,0,0,0.0,2,426,0.141,0.141,0.0,73500000.0,0,0,0,0,0,0.0,0,0,0,0,0,0.0,10,1913,0.0,0.0,0.0,0.0,2,40,0.211,0.211,0,5000000.0,1,20,0.0,0.0,0,8000000.0,12,2892,0.08,0.019,0.0005388,6916666.66667,1,20,0.0,0.0,0,17000000.0,2,40,0.197,0.197,0,-2500000.0,0,0,0,0,0,0.0,3,1089,0.117,0.093,0.001152,21666666.6667,3,16194,0.11,0.098,0.000288,2666666.66667,3,40218,0.11,0.098,0.000288,2666666.66667,0,0,0,0,0,0.0,3,225,0.11,0.103,9.8e-05,6000000.0,18,2757,0.061,0.0121176470588,0.000445610294118,0.0,50,51359,0.053,0.00485714285714,0.000115791666667,0.0,0,0,-3.43042782003e-06,3.09577762074e-05,1.36482207074e-05,-2.19293277081,-4.26748732183e-05,2.45660609086,-0.000371716844138,-0.000894146009633,4.11928358153e-05,4.77391060345e-05,5.78525227413e-05,-4.17426772164e-05,5.050887947e-06,0.0,0.0,0.0,0.0,0.0,0.0,0.0,0.0,0.0,0.0,0.0,0.0,0.0,-0.000628577619656,0.00899087452695,-1.88222585034e-05,-0.115118272595,0.000148227615992,0.11762919342,-0.00395057672663,-0.00866323740808,0.00973257045239,0.0185633725302,0.042293433473,-0.0413646767346,1.64307687402e-06,0,0,0,0,9223372036854775807,0,9223372036854775807,0,9223372036854775807,0,9223372036854775807,0,9223372036854775807,0,9223372036854775807,6.0,10.5,0.0,4.17999992371,5.72380981634,10469376.0,10469376.0,10469376.0,0.0,486219776.0,486219776.0,486219776.0,0.0,0.0,0.0,9.22337203685e+18,0.0,9.22337203685e+18,0.0,9.22337203685e+18,0.0,9.22337203685e+18,0.0,9.22337203685e+18,0.0,9.22337203685e+18,0.0,0.0,9.22337203685e+18,0.0,9.22337203685e+18,0.0,9.22337203685e+18,0.0,9.22337203685e+18,0.0,9.22337203685e+18,0.0,9.22337203685e+18,0,0,9223372036854775807,0,9223372036854775807,0,9223372036854775807,0,9223372036854775807,0,9223372036854775807,0,9223372036854775807,0,9223372036854775807,0,9223372036854775807,0,9223372036854775807,0,9223372036854775807,0,9223372036854775807,0,9223372036854775807,0,9223372036854775807,0,9223372036854775807,0,9223372036854775807,0,9223372036854775807,0,9223372036854775807,0,9223372036854775807,0,9223372036854775807,0,9223372036854775807,0,9223372036854775807,0,9223372036854775807,0,0,0,0,9223372036854775807,9223372036854775807,9223372036854775807,0,0,0,0,0,0,0,0,0,0,0,0,0,0,0,0,1,0,6,0,0,0,0,0,0,0,0,0,0,0,0,1,0,3,0,0,0,0,0,0,0,0,0,0,0,0,1,0,10,0,0,0,0,0,0,0,0,0,0,0,0,0,0,0,0,0,0,0,0,0,0,0,0,1,0,11,1,0,41,0,0,0,0,0,0,0,0,0,0,0,0,0,0,0,0,0,0,0,0,0,0,0,0,0,0,0,0,0,0,0,0,0,0,0,0,0,0,0,0,0,0,0,0,0,0,0,0,0,0,0,0,0,0,0,0,0,0,0,0,0,0,0,2,0,11,1,0,5,0,0,0,0,0,0,0,0,0,0,0,0,0,0,0,0,0,0,0,0,0,0,0,0,0,0,0,0,0,0,0,0,0,1,0,9,0,0,0,0,0,0,0,0,0,0,0,0,0,0,0,0,0,0,1,0,9,0,0,0,0,0,0,0,0,0,0,0,0,1,0,9,0,0,0,0,0,0,0,0,0,0,0,0,0,0,0,0,0,0,1,0,9,0,0,0,0,0,0,0,0,0,0,0,0,1,0,5,0,0,0,0,0,0,1,0,6,0,0,0,1,0,11,1,0,10,1,0,11,0,0,0,1,0,11,0,0,0,0,0,0
1,20,0.0,0.0,0.0,14000000.0,12,6456,0.053,0.0197272727273,0.000450618181818,7083333.33333,250,2000,0.013,0.001,2.34677419355e-06,0.0,2,96,0.118,0.118,0.0,0.0,0,0,0,0,0,0.0,2,40,0.211,0.211,0.0,14500000.0,254,153670,0.067,0.000861660079051,3.55403099316e-05,0.0,0,0,0,0,0,0.0,0,0,0,0,0,0.0,2,40,0.193,0.193,0.0,3500000.0,0,0,0.0,0.0,0,0.0,12,7080,0.06,0.0191818181818,0.000566963636364,20500000.0,0,0,0,0,0,0.0,0,0,0,0,0,0.0,4,1492,0.091,0.0303333333333,0.00276033333333,182000000.0,2,19933,0.128,0.128,0.0,205500000.0,0,0,0,0,0,0.0,0,0,0,0,0,0.0,0,0,0,0,0,0.0,0,0,0,0,0,0.0,2,361,0.114,0.114,0.0,212500000.0,0,0,0,0,0,0.0,0,0,0,0,0,0.0,0,0,0.0,0.0,0,0.0,2,96,0.085,0.085,0.0,0.0,12,8616,0.055,0.0197272727273,0.000373618181818,7583333.33333,0,0,0,0,0,0.0,0,0,0,0,0,0.0,0,0,0,0,0,0.0,1,71,0.0,0.0,0.0,-12000000.0,0,0,0,0,0,0.0,0,0,0,0,0,0.0,0,0,0,0,0,0.0,0,0,0,0,0,0.0,0,0,0,0,0,0.0,0,0,0,0,0,0.0,0,0,0,0,0,0.0,1,730,0.0,0.0,0,-4000000.0,1,72,0.0,0.0,0.0,-4000000.0,0,0,0,0,0,0.0,0,0,0,0,0,0.0,0,0,0,0,0,0.0,0,0,0,0,0,0.0,0,0,0,0,0,0.0,0,0,0,0,0,0.0,0,0,0,0,0,0.0,0,0,0,0,0,0.0,1,20,0.0,0.0,0.0,11000000.0,1,668,0.0,0.0,0,0.0,0,0,0,0,0,0.0,0,0,0,0,0,0.0,0,0,0,0,0,0.0,0,0,0,0,0,0.0,0,0,0,0,0,0.0,0,0,0,0,0,0.0,0,0,0,0,0,0.0,0,0,0,0,0,0.0,1,20,0.0,0.0,0.0,0.0,0,0,0,0,0,0.0,0,0,0,0,0,0.0,2,13050,0.113,0.113,0.0,45000000.0,0,0,0,0,0,0.0,0,0,0,0,0,0.0,0,0,0,0,0,0.0,0,0,0,0,0,0.0,0,0,0,0,0,0.0,0,0,0,0,0,0.0,2,17728,0.133,0.133,0.0,24000000.0,0,0,0,0,0,0.0,0,0,0,0,0,0.0,0,0,0,0,0,0.0,0,0,0,0,0,0.0,2,142,0.11,0.11,0.0,43500000.0,0,0,0,0,0,0.0,0,0,0,0,0,0.0,0,0,0,0,0,0.0,0,0,0,0,0,0.0,0,0,0,0,0,0.0,0,0,0,0,0,0.0,2,446,0.146,0.146,0.0,77500000.0,0,0,0,0,0,0.0,0,0,0,0,0,0.0,0,0,0.0,0.0,0.0,0.0,1,20,0.0,0.0,0,0.0,1,20,0.0,0.0,0,0.0,13,3133,0.042,0.0175833333333,0.000270083333333,9230769.23077,1,20,0.0,0.0,0,15000000.0,1,20,0.0,0.0,0,1000000.0,0,0,0,0,0,0.0,2,726,0.118,0.118,0.0,21000000.0,2,10796,0.085,0.085,0.0,4500000.0,2,26812,0.085,0.085,0.0,4500000.0,0,0,0,0,0,0.0,2,150,0.085,0.085,0.0,4500000.0,10,1526,0.069,0.0172222222222,0.000529194444444,0.0,46,45379,0.042,0.00468888888889,0.000104173737374,0.0,0,0,-3.67870393525e-06,-7.60382609677e-06,1.34347603398e-05,-2.22184137693,-4.21441048148e-05,2.48326826459,-0.000364571445575,-0.000891587019074,3.92847445152e-05,4.67033465013e-05,6.11169727573e-05,-4.16491917114e-05,4.91033849492e-06,0.0,0.0,0.0,0.0,0.0,0.0,0.0,0.0,0.0,0.0,0.0,0.0,0.0,-0.0012479351716,-0.00806863358167,-1.83229298406e-05,-0.116391712196,0.000152894653852,0.0845829527957,0.00277368748397,-0.00325377645839,0.00883371201656,0.0180254026447,0.0439954289832,-0.0431309253099,0.000137575019347,0,0,0,0,9223372036854775807,0,9223372036854775807,0,9223372036854775807,0,9223372036854775807,0,9223372036854775807,0,9223372036854775807,0.0,0.0,9.22337203685e+18,0.0,9.22337203685e+18,0.0,9.22337203685e+18,0.0,9.22337203685e+18,0.0,9.22337203685e+18,0.0,9.22337203685e+18,0.0,0.0,9.22337203685e+18,0.0,9.22337203685e+18,0.0,9.22337203685e+18,0.0,9.22337203685e+18,0.0,9.22337203685e+18,0.0,9.22337203685e+18,0.0,0.0,9.22337203685e+18,0.0,9.22337203685e+18,0.0,9.22337203685e+18,0.0,9.22337203685e+18,0.0,9.22337203685e+18,0.0,9.22337203685e+18,0,0,9223372036854775807,0,9223372036854775807,0,9223372036854775807,0,9223372036854775807,0,9223372036854775807,0,9223372036854775807,0,9223372036854775807,0,9223372036854775807,0,9223372036854775807,0,9223372036854775807,0,9223372036854775807,0,9223372036854775807,0,9223372036854775807,0,9223372036854775807,0,9223372036854775807,0,9223372036854775807,0,9223372036854775807,0,9223372036854775807,0,9223372036854775807,0,9223372036854775807,0,9223372036854775807,0,9223372036854775807,0,0,0,0,9223372036854775807,9223372036854775807,9223372036854775807,0,2,0,11,1,0,51,0,0,0,0,0,0,0,0,0,0,0,0,0,0,0,0,0,0,0,0,0,1,0,6,0,0,0,2,1,102,0,0,0,0,0,0,0,0,0,0,0,0,0,0,0,0,0,0,0,0,0,0,0,0,1,0,10,0,0,0,0,0,0,0,0,0,0,0,0,0,0,0,0,0,0,0,0,0,0,0,0,1,0,6,0,0,0,0,0,0,0,0,0,0,0,0,0,0,0,0,0,0,0,0,0,1,0,4,0,0,0,0,0,0,0,0,0,0,0,0,0,0,0,0,0,0,0,0,0,0,0,0,0,0,0,0,0,0,0,0,0,0,0,0,0,0,0,0,0,0,0,0,0,0,0,0,0,0,0,0,0,0,0,0,0,0,0,0,0,0,0,0,0,0,0,0,0,0,0,0,0,0,0,0,0,0,0,0,0,0,0,0,0,0,0,0,0,0,0,0,0,0,0,0,0,0,0,0,0,0,0,0,0,0,0,0,0,0,0,0,0,0,0,0,0,0,0,0,0,0,0,0,0,0,0,0,0,0,0,0,0,0,0,0,0,0,0,0,0,1,0,51,0,0,0,0,0,0,0,0,0,0,0,0,0,0,0,0,0,0,0,0,0,0,0,0,0,0,0,0,0,0
1,20,0.0,0.0,0.0,1000000.0,14,7532,0.062,0.0187692307692,0.000547692307692,4428571.42857,251,2008,0.008,0.000996,1.66665060241e-06,0.0,3,144,0.123,0.104,0.000722,0.0,0,0,0,0,0,0.0,1,20,0.0,0.0,0.0,0.0,272,164560,0.062,0.000760147601476,2.99089244226e-05,0.0,0,0,0,0,0,0.0,0,0,0,0,0,0.0,1,20,0.0,0.0,0.0,2000000.0,1,326,0.0,0.0,0,0.0,13,7670,0.052,0.0173333333333,0.000368787878788,18538461.5385,0,0,0,0,0,0.0,0,0,0,0,0,0.0,4,1492,0.092,0.0306666666667,0.00282133333333,174000000.0,3,30205,0.129,0.104,0.00125,198333333.333,0,0,0,0,0,0.0,0,0,0,0,0,0.0,0,0,0,0,0,0.0,0,0,0,0,0,0.0,3,606,0.105,0.102,1.8e-05,209666666.667,0,0,0,0,0,0.0,0,0,0,0,0,0.0,0,0,0.0,0.0,0,0.0,3,144,0.117,0.1025,0.0004205,0.0,13,9334,0.062,0.0170833333333,0.000524265151515,-1461538.46154,0,0,0,0,0,0.0,0,0,0,0,0,0.0,0,0,0,0,0,0.0,2,142,0.205,0.205,0.0,-28500000.0,0,0,0,0,0,0.0,0,0,0,0,0,0.0,0,0,0,0,0,0.0,0,0,0,0,0,0.0,0,0,0,0,0,0.0,0,0,0,0,0,0.0,0,0,0,0,0,0.0,1,730,0.0,0.0,0,17000000.0,2,144,0.208,0.208,0.0,24500000.0,0,0,0,0,0,0.0,0,0,0,0,0,0.0,0,0,0,0,0,0.0,0,0,0,0,0,0.0,0,0,0,0,0,0.0,0,0,0,0,0,0.0,0,0,0,0,0,0.0,0,0,0,0,0,0.0,1,20,0.0,0.0,0.0,0.0,1,668,0.0,0.0,0,0.0,0,0,0,0,0,0.0,0,0,0,0,0,0.0,0,0,0,0,0,0.0,0,0,0,0,0,0.0,0,0,0,0,0,0.0,0,0,0,0,0,0.0,0,0,0,0,0,0.0,0,0,0,0,0,0.0,2,40,0.208,0.208,0.0,31000000.0,0,0,0,0,0,0.0,0,0,0,0,0,0.0,2,13050,0.111,0.111,0.0,48500000.0,0,0,0,0,0,0.0,0,0,0,0,0,0.0,0,0,0,0,0,0.0,0,0,0,0,0,0.0,0,0,0,0,0,0.0,0,0,0,0,0,0.0,2,17728,0.125,0.125,0.0,13500000.0,0,0,0,0,0,0.0,0,0,0,0,0,0.0,0,0,0,0,0,0.0,0,0,0,0,0,0.0,2,142,0.111,0.111,0.0,48500000.0,0,0,0,0,0,0.0,0,0,0,0,0,0.0,0,0,0,0,0,0.0,0,0,0,0,0,0.0,0,0,0,0,0,0.0,0,0,0,0,0,0.0,2,480,0.139,0.139,0.0,79500000.0,0,0,0,0,0,0.0,0,0,0,0,0,0.0,10,1913,0.0,0.0,0.0,0.0,1,20,0.0,0.0,0,3000000.0,2,40,0.208,0.208,0,4000000.0,12,2892,0.045,0.0189090909091,0.000194890909091,7333333.33333,1,20,0.0,0.0,0,8000000.0,1,20,0.0,0.0,0,4000000.0,0,0,0,0,0,0.0,3,1089,0.129,0.104,0.00125,24666666.6667,3,16194,0.104,0.1025,4.5e-06,-1000000.0,3,40218,0.104,0.1025,4.5e-06,-1000000.0,0,0,0,0,0,0.0,3,225,0.104,0.1025,4.5e-06,-1000000.0,8,1142,0.139,0.0297142857143,0.00298357142857,0.0,47,45468,0.04,0.00452173913043,7.6077294686e-05,0.0,0,0,-3.68786095528e-06,-7.54419961524e-06,1.342141893e-05,-2.25314734107,3.12672512504e-05,2.5120150502,-0.000364570085906,-0.000891698492709,3.92437295575e-05,4.66797449334e-05,6.11484768465e-05,-4.15632946232e-05,4.91119916735e-06,0.0,0.0,0.0,0.0,0.0,0.0,0.0,0.0,0.0,0.0,0.0,0.0,0.0,-0.00124212462445,-0.00832969304321,-1.83531110974e-05,-0.11725365373,0.000153580022118,0.0837652086243,0.00266176096502,-0.0033003504243,0.00880112367274,0.0180016083067,0.0440433112315,-0.0430924677193,0.000137110054514,0,0,0,0,9223372036854775807,0,9223372036854775807,0,9223372036854775807,0,9223372036854775807,0,9223372036854775807,0,9223372036854775807,6.0,12.1000003815,0.0,6.62000007629,6.08867810327,10469376.0,10469376.0,10469376.0,0.0,486219776.0,486219776.0,486219776.0,0.0,0.0,0.0,9.22337203685e+18,0.0,9.22337203685e+18,0.0,9.22337203685e+18,0.0,9.22337203685e+18,0.0,9.22337203685e+18,0.0,9.22337203685e+18,0.0,0.0,9.22337203685e+18,0.0,9.22337203685e+18,0.0,9.22337203685e+18,0.0,9.22337203685e+18,0.0,9.22337203685e+18,0.0,9.22337203685e+18,0,0,9223372036854775807,0,9223372036854775807,0,9223372036854775807,0,9223372036854775807,0,9223372036854775807,0,9223372036854775807,0,9223372036854775807,0,9223372036854775807,0,9223372036854775807,0,9223372036854775807,0,9223372036854775807,0,9223372036854775807,0,9223372036854775807,0,9223372036854775807,0,9223372036854775807,0,9223372036854775807,0,9223372036854775807,0,9223372036854775807,0,9223372036854775807,0,9223372036854775807,0,9223372036854775807,0,9223372036854775807,0,0,0,0,9223372036854775807,9223372036854775807,9223372036854775807,0,0,0,0,0,0,0,0,0,0,0,0,0,0,0,0,0,0,0,0,0,0,0,0,0,0,0,0,0,0,0,0,0,0,1,0,51,0,0,0,0,0,0,0,0,0,0,0,0,0,0,0,0,0,0,0,0,0,0,0,0,0,0,0,0,0,0,0,0,0,0,0,0,0,0,0,0,0,0,0,0,0,0,0,0,0,0,0,0,0,0,0,0,0,0,0,0,0,0,0,0,0,0,0,0,0,0,0,0,0,0,0,0,0,0,1,0,5,0,0,0,0,0,0,0,0,0,0,0,0,0,0,0,0,0,0,0,0,0,0,0,0,0,0,0,0,0,0,0,0,0,0,0,0,0,0,0,0,0,0,0,0,0,0,0,0,0,0,0,0,0,0,1,0,5,0,0,0,0,0,0,0,0,0,0,0,0,0,0,0,0,0,0,0,0,0,0,0,0,0,0,0,0,0,0,0,0,0,0,0,0,0,0,0,0,0,0,0,0,0,0,0,0,0,0,0,0,0,0,0,0,0,0,0,0,0,0,0,0,0,0,0,0,0,0,0,0,0,0,0,1,0,6,0,0,0,1,0,51,0,0,0,0,0,0,0,0,0,0,0,0,3,0,30,0,0,0,0,0,0,0,0,0,0,0,0,0,0,0
2,40,0.176,0.176,0.0,-28500000.0,14,7532,0.07,0.0156923076923,0.000448730769231,-1571428.57143,295,2360,0.039,0.000792517006803,8.31516565671e-06,0.0,3,144,0.095,0.069,0.001352,0.0,0,0,0,0,0,0.0,1,20,0.0,0.0,0.0,0.0,289,174845,0.039,0.000711805555556,2.1076933314e-05,0.0,0,0,0,0,0,0.0,0,0,0,0,0,0.0,1,20,0.0,0.0,0.0,4000000.0,1,326,0.0,0.0,0,0.0,14,8260,0.068,0.0160769230769,0.000476243589744,7071428.57143,0,0,0,0,0,0.0,0,0,0,0,0,0.0,4,1492,0.166,0.0553333333333,0.00918533333333,158000000.0,3,30467,0.101,0.087,0.000392,156666666.667,0,0,0,0,0,0.0,0,0,0,0,0,0.0,0,0,0,0,0,0.0,0,0,0,0,0,0.0,3,612,0.102,0.088,0.000392,167000000.0,0,0,0,0,0,0.0,0,0,0,0,0,0.0,0,0,0.0,0.0,0,0.0,3,144,0.109,0.087,0.000968,0.0,14,10052,0.068,0.0159230769231,0.00047591025641,-3785714.28571,0,0,0,0,0,0.0,0,0,0,0,0,0.0,0,0,0,0,0,0.0,1,71,0.0,0.0,0.0,-19000000.0,0,0,0,0,0,0.0,0,0,0,0,0,0.0,0,0,0,0,0,0.0,0,0,0,0,0,0.0,0,0,0,0,0,0.0,0,0,0,0,0,0.0,0,0,0,0,0,0.0,1,700,0.0,0.0,0,4000000.0,1,72,0.0,0.0,0.0,4000000.0,0,0,0,0,0,0.0,0,0,0,0,0,0.0,0,0,0,0,0,0.0,0,0,0,0,0,0.0,0,0,0,0,0,0.0,0,0,0,0,0,0.0,0,0,0,0,0,0.0,0,0,0,0,0,0.0,2,40,0.138,0.138,0.0,-10000000.0,1,668,0.0,0.0,0,0.0,0,0,0,0,0,0.0,0,0,0,0,0,0.0,0,0,0,0,0,0.0,0,0,0,0,0,0.0,0,0,0,0,0,0.0,0,0,0,0,0,0.0,0,0,0,0,0,0.0,0,0,0,0,0,0.0,1,20,0.0,0.0,0.0,0.0,0,0,0,0,0,0.0,0,0,0,0,0,0.0,2,13050,0.102,0.102,0.0,37500000.0,0,0,0,0,0,0.0,0,0,0,0,0,0.0,0,0,0,0,0,0.0,0,0,0,0,0,0.0,0,0,0,0,0,0.0,0,0,0,0,0,0.0,3,26592,0.128,0.1045,0.0011045,9000000.0,0,0,0,0,0,0.0,0,0,0,0,0,0.0,0,0,0,0,0,0.0,0,0,0,0,0,0.0,3,213,0.102,0.088,0.000392,22333333.3333,0,0,0,0,0,0.0,0,0,0,0,0,0.0,0,0,0,0,0,0.0,0,0,0,0,0,0.0,0,0,0,0,0,0.0,0,0,0,0,0,0.0,2,601,0.095,0.095,0.0,72000000.0,0,0,0,0,0,0.0,0,0,0,0,0,0.0,17,3243,0.0,0.0,0.0,0.0,2,40,0.176,0.176,0,-8000000.0,1,20,0.0,0.0,0,4000000.0,15,3615,0.057,0.0161428571429,0.000299054945055,-2133333.33333,1,20,0.0,0.0,0,27000000.0,1,20,0.0,0.0,0,4000000.0,0,0,0,0,0,0.0,2,726,0.071,0.071,0.0,22500000.0,3,16194,0.102,0.087,0.00045,-9666666.66667,3,40218,0.102,0.087,0.00045,-9666666.66667,0,0,0,0,0,0.0,3,225,0.103,0.087,0.000512,-9333333.33333,10,1386,0.043,0.0232222222222,0.000241194444444,0.0,58,58956,0.038,0.0040350877193,7.964160401e-05,0.0,0,0,-3.48680773854e-06,3.10199000699e-05,1.36549580496e-05,-2.28683614145,-4.44081430819e-05,2.54286613909,-0.0003719954733,-0.000894522436735,4.11874733075e-05,4.7737104806e-05,5.80575798574e-05,-4.17699704634e-05,5.0359208732e-06,0.0,0.0,0.0,0.0,0.0,0.0,0.0,0.0,0.0,0.0,0.0,0.0,0.0,-0.000706804612104,0.00910651675137,-1.86400495499e-05,-0.115102042152,0.000149568018499,0.116358982465,-0.00458147139882,-0.00855493067292,0.0097192617302,0.0185590088728,0.0423449813049,-0.0413472709297,-2.90676612488e-07,0,0,0,0,9223372036854775807,0,9223372036854775807,0,9223372036854775807,0,9223372036854775807,0,9223372036854775807,0,9223372036854775807,6.0,16.7000007629,0.0,7.32000007629,7.35846469752,10469376.0,10469376.0,10469376.0,0.0,486219776.0,486219776.0,486219776.0,0.0,0.0,0.0,9.22337203685e+18,0.0,9.22337203685e+18,0.0,9.22337203685e+18,0.0,9.22337203685e+18,0.0,9.22337203685e+18,0.0,9.22337203685e+18,11.0,39.5,10.3000001907,22.4400001526,12.6201425923,69627904.0,65576960.0,67197337.6,2218793.40799,962551808.0,962551808.0,962551808.0,0.0,0,0,9223372036854775807,0,9223372036854775807,0,9223372036854775807,0,9223372036854775807,0,9223372036854775807,0,9223372036854775807,0,9223372036854775807,0,9223372036854775807,0,9223372036854775807,0,9223372036854775807,0,9223372036854775807,0,9223372036854775807,0,9223372036854775807,0,9223372036854775807,0,9223372036854775807,0,9223372036854775807,0,9223372036854775807,0,9223372036854775807,0,9223372036854775807,0,9223372036854775807,0,9223372036854775807,0,9223372036854775807,0,0,0,0,9223372036854775807,9223372036854775807,9223372036854775807,0,0,0,0,0,0,0,0,0,0,2,0,21,0,0,0,0,0,0,0,0,0,0,0,0,0,0,0,1,0,6,0,0,0,0,0,0,0,0,0,0,0,0,1,0,16,0,0,0,0,0,0,0,0,0,0,0,0,0,0,0,0,0,0,0,0,0,0,0,0,0,0,0,1,0,11,2,0,93,0,0,0,0,0,0,0,0,0,0,0,0,0,0,0,0,0,0,0,0,0,0,0,0,0,0,0,0,0,0,0,0,0,0,0,0,0,0,0,0,0,0,0,0,0,0,0,0,0,0,0,0,0,0,0,0,0,0,0,0,0,0,0,0,0,0,0,0,0,0,0,0,0,0,0,0,0,0,0,0,0,0,0,0,0,0,0,0,0,0,0,0,0,0,0,0,0,0,0,0,0,0,0,0,0,0,0,0,0,0,0,0,0,0,0,0,0,0,0,0,0,0,0,0,0,0,0,0,0,0,0,0,0,0,0,0,0,0,0,0,0,0,0,0,0,0,0,0,0,0,0,0,0,0,0,0,0,0,0,0,0,0,0,0,0,0,0,0,0,0,0,0,0,0,0,0,0,0,0,0,1,0,6,0,0,0,0,0,0,0,0,0,0,0,0,0,0,0,0,0,0,0,0,0,0,0,0,0,0,0
1,20,0.0,0.0,0.0,5000000.0,10,5380,0.106,0.0181111111111,0.00124011111111,-12300000.0,195,1560,0.011,0.000989690721649,2.78745793494e-06,0.0,2,96,0.051,0.051,0.0,0.0,0,0,0,0,0,0.0,1,20,0.0,0.0,0.0,14000000.0,201,121605,0.106,0.000815,6.4020879397e-05,0.0,0,0,0,0,0,0.0,0,0,0,0,0,0.0,1,20,0.0,0.0,0.0,80000000.0,0,0,0.0,0.0,0,0.0,10,5900,0.082,0.018,0.00074375,21700000.0,0,0,0,0,0,0.0,0,0,0,0,0,0.0,2,746,0.0,0.0,0.0,178000000.0,2,20477,0.097,0.097,0.0,183000000.0,0,0,0,0,0,0.0,0,0,0,0,0,0.0,0,0,0,0,0,0.0,0,0,0,0,0,0.0,2,485,0.051,0.051,0.0,246000000.0,0,0,0,0,0,0.0,0,0,0,0,0,0.0,0,0,0.0,0.0,0,0.0,2,96,0.106,0.106,0.0,0.0,11,7898,0.095,0.0167,0.000900455555556,-4909090.90909,0,0,0,0,0,0.0,0,0,0,0,0,0.0,0,0,0,0,0,0.0,1,71,0.0,0.0,0.0,-49000000.0,0,0,0,0,0,0.0,0,0,0,0,0,0.0,0,0,0,0,0,0.0,0,0,0,0,0,0.0,0,0,0,0,0,0.0,0,0,0,0,0,0.0,0,0,0,0,0,0.0,0,0,0.0,0.0,0,0.0,1,72,0.0,0.0,0.0,65000000.0,0,0,0,0,0,0.0,0,0,0,0,0,0.0,0,0,0,0,0,0.0,0,0,0,0,0,0.0,0,0,0,0,0,0.0,0,0,0,0,0,0.0,0,0,0,0,0,0.0,0,0,0,0,0,0.0,1,20,0.0,0.0,0.0,4000000.0,1,668,0.0,0.0,0,0.0,0,0,0,0,0,0.0,0,0,0,0,0,0.0,0,0,0,0,0,0.0,0,0,0,0,0,0.0,0,0,0,0,0,0.0,0,0,0,0,0,0.0,0,0,0,0,0,0.0,0,0,0,0,0,0.0,1,20,0.0,0.0,0.0,67000000.0,0,0,0,0,0,0.0,0,0,0,0,0,0.0,2,13050,0.128,0.128,0.0,56000000.0,0,0,0,0,0,0.0,0,0,0,0,0,0.0,0,0,0,0,0,0.0,0,0,0,0,0,0.0,0,0,0,0,0,0.0,0,0,0,0,0,0.0,1,8864,0.0,0.0,0.0,54000000.0,0,0,0,0,0,0.0,0,0,0,0,0,0.0,0,0,0,0,0,0.0,0,0,0,0,0,0.0,1,71,0.0,0.0,0.0,54000000.0,0,0,0,0,0,0.0,0,0,0,0,0,0.0,0,0,0,0,0,0.0,0,0,0,0,0,0.0,0,0,0,0,0,0.0,0,0,0,0,0,0.0,2,495,0.105,0.105,0.0,86500000.0,0,0,0,0,0,0.0,0,0,0,0,0,0.0,0,0,0.0,0.0,0.0,0.0,1,20,0.0,0.0,0,0.0,1,20,0.0,0.0,0,40000000.0,9,2169,0.082,0.021625,0.000811410714286,17555555.5556,2,40,0.137,0.137,0,31500000.0,2,40,0.158,0.158,0,21000000.0,0,0,0,0,0,0.0,3,1089,0.133,0.092,0.003362,39333333.3333,2,10796,0.106,0.106,0.0,-11500000.0,2,26812,0.106,0.106,0.0,-11500000.0,0,0,0,0,0,0.0,2,150,0.106,0.106,0.0,-11500000.0,9,1351,0.081,0.023,0.000904857142857,0.0,34,32751,0.082,0.00518181818182,0.000242778409091,0.0,0,0,-3.47905109077e-06,3.48944099207e-05,1.4663264543e-05,-2.31087096842,3.38142537455e-05,2.56478209404,-0.00037281705542,-0.000893617711314,4.11949530017e-05,4.75986559287e-05,5.79442391331e-05,-4.16093911833e-05,5.01401949915e-06,0.0,0.0,0.0,0.0,0.0,0.0,0.0,0.0,0.0,0.0,0.0,0.0,0.0,-0.00070313869362,0.00948800855839,-1.84961819681e-05,-0.116042500873,0.000146908054799,0.11645606797,-0.00512993425856,-0.00838712258274,0.00966373098327,0.0184172648725,0.0420848337798,-0.0412229917397,-2.49341282316e-06,0,0,0,0,9223372036854775807,0,9223372036854775807,0,9223372036854775807,0,9223372036854775807,0,9223372036854775807,0,9223372036854775807,0.0,0.0,9.22337203685e+18,0.0,9.22337203685e+18,0.0,9.22337203685e+18,0.0,9.22337203685e+18,0.0,9.22337203685e+18,0.0,9.22337203685e+18,0.0,0.0,9.22337203685e+18,0.0,9.22337203685e+18,0.0,9.22337203685e+18,0.0,9.22337203685e+18,0.0,9.22337203685e+18,0.0,9.22337203685e+18,0.0,0.0,9.22337203685e+18,0.0,9.22337203685e+18,0.0,9.22337203685e+18,0.0,9.22337203685e+18,0.0,9.22337203685e+18,0.0,9.22337203685e+18,0,0,9223372036854775807,0,9223372036854775807,0,9223372036854775807,0,9223372036854775807,0,9223372036854775807,0,9223372036854775807,0,9223372036854775807,0,9223372036854775807,0,9223372036854775807,0,9223372036854775807,0,9223372036854775807,0,9223372036854775807,0,9223372036854775807,0,9223372036854775807,0,9223372036854775807,0,9223372036854775807,0,9223372036854775807,0,9223372036854775807,0,9223372036854775807,0,9223372036854775807,0,9223372036854775807,0,9223372036854775807,0,0,0,0,9223372036854775807,9223372036854775807,9223372036854775807,0,0,0,0,0,0,0,0,0,0,0,0,0,0,0,0,0,0,0,0,0,0,0,0,0,0,0,0,0,0,0,0,0,0,0,0,0,0,0,0,0,0,0,0,0,0,0,0,0,0,0,0,0,0,0,0,0,0,0,0,0,0,0,0,0,0,0,0,0,0,0,0,0,1,0,11,0,0,0,0,0,0,0,0,0,0,0,0,0,0,0,0,0,0,0,0,0,0,0,0,0,0,0,0,0,0,0,0,0,0,0,0,0,0,0,0,0,0,0,0,0,0,0,0,0,0,0,0,0,0,0,0,0,0,0,0,0,0,0,0,0,0,1,0,6,1,0,4,0,0,0,0,0,0,0,0,0,0,0,0,0,0,0,0,0,0,0,0,0,0,0,0,0,0,0,0,0,0,0,0,0,0,0,0,0,0,0,0,0,0,0,0,0,0,0,0,0,0,0,0,0,0,0,0,0,0,0,0,0,0,0,0,0,0,0,0,0,0,0,0,0,0,0,0,0,0,0,0,0,0,0,0,0,0,0,0,0,0,0,0,0,0,0,0,0,0,0,1,0,30,0,0,0,1,0,5,0,0,0,0,0,0,1,0,5,0,0,0,1,0,10,1,0,11,0,0,0,0,0,0,0,0,0,0,0,0,1,0,320
1,20,0.0,0.0,0.0,55000000.0,13,6994,0.095,0.0181666666667,0.000981242424242,-5923076.92308,261,2088,0.01,0.000903846153846,1.16832491833e-06,0.0,2,96,0.128,0.128,0.0,0.0,0,0,0,0,0,0.0,2,40,0.192,0.192,0.0,6000000.0,236,142780,0.071,0.00051914893617,2.69344608111e-05,0.0,0,0,0,0,0,0.0,0,0,0,0,0,0.0,2,40,0.201,0.201,0.0,0.0,1,326,0.0,0.0,0,0.0,12,7080,0.094,0.0195454545455,0.000953272727273,30500000.0,0,0,0,0,0,0.0,0,0,0,0,0,0.0,2,746,0.0,0.0,0.0,168000000.0,2,20800,0.041,0.041,0.0,205000000.0,0,0,0,0,0,0.0,0,0,0,0,0,0.0,0,0,0,0,0,0.0,0,0,0,0,0,0.0,2,605,0.128,0.128,0.0,248500000.0,0,0,0,0,0,0.0,0,0,0,0,0,0.0,0,0,0.0,0.0,0,0.0,2,96,0.093,0.093,0.0,0.0,11,7898,0.055,0.013,0.000333333333333,-8636363.63636,0,0,0,0,0,0.0,0,0,0,0,0,0.0,0,0,0,0,0,0.0,1,71,0.0,0.0,0.0,-47000000.0,0,0,0,0,0,0.0,0,0,0,0,0,0.0,0,0,0,0,0,0.0,0,0,0,0,0,0.0,0,0,0,0,0,0.0,0,0,0,0,0,0.0,0,0,0,0,0,0.0,1,700,0.0,0.0,0,39000000.0,1,72,0.0,0.0,0.0,39000000.0,0,0,0,0,0,0.0,0,0,0,0,0,0.0,0,0,0,0,0,0.0,0,0,0,0,0,0.0,0,0,0,0,0,0.0,0,0,0,0,0,0.0,0,0,0,0,0,0.0,0,0,0,0,0,0.0,1,20,0.0,0.0,0.0,55000000.0,1,668,0.0,0.0,0,0.0,0,0,0,0,0,0.0,0,0,0,0,0,0.0,0,0,0,0,0,0.0,0,0,0,0,0,0.0,0,0,0,0,0,0.0,0,0,0,0,0,0.0,0,0,0,0,0,0.0,0,0,0,0,0,0.0,1,20,0.0,0.0,0.0,42000000.0,0,0,0,0,0,0.0,0,0,0,0,0,0.0,2,13050,0.103,0.103,0.0,33000000.0,0,0,0,0,0,0.0,0,0,0,0,0,0.0,0,0,0,0,0,0.0,0,0,0,0,0,0.0,0,0,0,0,0,0.0,0,0,0,0,0,0.0,3,26592,0.121,0.113,0.000128,14333333.3333,0,0,0,0,0,0.0,0,0,0,0,0,0.0,0,0,0,0,0,0.0,0,0,0,0,0,0.0,2,142,0.105,0.105,0.0,32000000.0,0,0,0,0,0,0.0,0,0,0,0,0,0.0,0,0,0,0,0,0.0,0,0,0,0,0,0.0,0,0,0,0,0,0.0,0,0,0,0,0,0.0,2,643,0.128,0.128,0.0,107500000.0,0,0,0,0,0,0.0,0,0,0,0,0,0.0,10,1913,0.0,0.0,0.0,0.0,1,20,0.0,0.0,0,76000000.0,1,20,0.0,0.0,0,15000000.0,14,3374,0.094,0.0177692307692,0.000802692307692,23714285.7143,1,20,0.0,0.0,0,5000000.0,1,20,0.0,0.0,0,77000000.0,0,0,0,0,0,0.0,2,726,0.128,0.128,0.0,55500000.0,2,10796,0.093,0.093,0.0,-14000000.0,2,26812,0.093,0.093,0.0,-14000000.0,0,0,0,0,0,0.0,2,150,0.093,0.093,0.0,-14000000.0,19,2883,0.087,0.013,0.000544352941176,0.0,46,44152,0.094,0.00513333333333,0.000279572727273,0.0,0,0,-3.01485213416e-06,2.07347870562e-05,-1.44342905433e-05,-2.3397604852,3.54989604894e-05,2.59072390384,-0.000369784974906,-0.000893055590314,3.9785834705e-05,4.67579820551e-05,6.04053205393e-05,-4.13492247885e-05,4.94717821908e-06,0.0,0.0,0.0,0.0,0.0,0.0,0.0,0.0,0.0,0.0,0.0,0.0,0.0,-0.000498285644404,-0.00306936128216,-1.82709496635e-05,-0.119640149551,0.000149446133215,0.0944047329136,-0.00164362596851,-0.00536288023814,0.00888120178902,0.0178917792889,0.043762815345,-0.0421188231018,8.71900033986e-05,0,0,0,0,9223372036854775807,0,9223372036854775807,0,9223372036854775807,0,9223372036854775807,0,9223372036854775807,0,9223372036854775807,6.0,10.8000001907,0.0,6.12000007629,5.60597902645,10469376.0,10469376.0,10469376.0,0.0,486219776.0,486219776.0,486219776.0,0.0,0.0,0.0,9.22337203685e+18,0.0,9.22337203685e+18,0.0,9.22337203685e+18,0.0,9.22337203685e+18,0.0,9.22337203685e+18,0.0,9.22337203685e+18,0.0,0.0,9.22337203685e+18,0.0,9.22337203685e+18,0.0,9.22337203685e+18,0.0,9.22337203685e+18,0.0,9.22337203685e+18,0.0,9.22337203685e+18,0,0,9223372036854775807,0,9223372036854775807,0,9223372036854775807,0,9223372036854775807,0,9223372036854775807,0,9223372036854775807,0,9223372036854775807,0,9223372036854775807,0,9223372036854775807,0,9223372036854775807,0,9223372036854775807,0,9223372036854775807,0,9223372036854775807,0,9223372036854775807,0,9223372036854775807,0,9223372036854775807,0,9223372036854775807,0,9223372036854775807,0,9223372036854775807,0,9223372036854775807,0,9223372036854775807,0,9223372036854775807,0,0,0,0,9223372036854775807,9223372036854775807,9223372036854775807,0,2,0,10,1,0,52,0,0,0,0,0,0,0,0,0,1,0,6,0,0,0,0,0,0,0,0,0,1,0,6,1,0,3,2,2,100,0,0,0,0,0,0,0,0,0,1,0,11,0,0,0,0,0,0,0,0,0,0,0,0,1,0,10,0,0,0,0,0,0,0,0,0,0,0,0,0,0,0,0,0,0,0,0,0,0,0,0,0,0,0,0,0,0,0,0,0,0,0,0,0,0,0,0,0,0,0,0,0,0,0,0,1,0,3,0,0,0,0,0,0,0,0,0,0,0,0,0,0,0,0,0,0,0,0,0,0,0,0,0,0,0,1,0,6,0,0,0,0,0,0,0,0,0,0,0,0,0,0,0,0,0,0,0,0,0,0,0,0,0,0,0,0,0,0,0,0,0,0,0,0,1,0,9,0,0,0,0,0,0,0,0,0,0,0,0,0,0,0,0,0,0,1,0,9,0,0,0,0,0,0,0,0,0,0,0,0,1,0,9,0,0,0,0,0,0,0,0,0,0,0,0,0,0,0,0,0,0,1,0,9,0,0,0,0,0,0,0,0,0,0,0,0,0,0,0,1,0,49,0,0,0,0,0,0,0,0,0,0,0,0,0,0,0,1,0,11,0,0,0,1,0,11,0,0,0,0,0,0
1,20,0.0,0.0,0.0,28000000.0,15,8070,0.092,0.0157142857143,0.000706989010989,-12733333.3333,249,1992,0.03,0.00100403225806,6.14978124592e-06,0.0,3,144,0.1,0.0985,4.5e-06,0.0,0,0,0,0,0,0.0,1,20,0.0,0.0,0.0,1000000.0,342,206910,0.092,0.000645161290323,3.67825426945e-05,0.0,0,0,0,0,0,0.0,0,0,0,0,0,0.0,1,20,0.0,0.0,0.0,14000000.0,0,0,0.0,0.0,0,0.0,13,7670,0.067,0.0160833333333,0.00049771969697,29307692.3077,0,0,0,0,0,0.0,0,0,0,0,0,0.0,2,746,0.0,0.0,0.0,192000000.0,2,20974,0.13,0.13,0.0,211000000.0,0,0,0,0,0,0.0,0,0,0,0,0,0.0,0,0,0,0,0,0.0,0,0,0,0,0,0.0,2,576,0.089,0.089,0.0,257500000.0,0,0,0,0,0,0.0,0,0,0,0,0,0.0,0,0,0.0,0.0,0,0.0,3,144,0.116,0.108,0.000128,0.0,17,12206,0.082,0.01375,0.000504466666667,-8823529.41176,0,0,0,0,0,0.0,0,0,0,0,0,0.0,0,0,0,0,0,0.0,2,142,0.196,0.196,0.0,-10000000.0,0,0,0,0,0,0.0,0,0,0,0,0,0.0,0,0,0,0,0,0.0,0,0,0,0,0,0.0,0,0,0,0,0,0.0,0,0,0,0,0,0.0,0,0,0,0,0,0.0,1,700,0.0,0.0,0,8000000.0,2,144,0.19,0.19,0.0,4000000.0,0,0,0,0,0,0.0,0,0,0,0,0,0.0,0,0,0,0,0,0.0,0,0,0,0,0,0.0,0,0,0,0,0,0.0,0,0,0,0,0,0.0,0,0,0,0,0,0.0,0,0,0,0,0,0.0,1,20,0.0,0.0,0.0,28000000.0,1,668,0.0,0.0,0,0.0,0,0,0,0,0,0.0,0,0,0,0,0,0.0,0,0,0,0,0,0.0,0,0,0,0,0,0.0,0,0,0,0,0,0.0,0,0,0,0,0,0.0,0,0,0,0,0,0.0,0,0,0,0,0,0.0,2,40,0.19,0.19,0.0,7500000.0,0,0,0,0,0,0.0,0,0,0,0,0,0.0,2,13050,0.13,0.13,0.0,46500000.0,0,0,0,0,0,0.0,0,0,0,0,0,0.0,0,0,0,0,0,0.0,0,0,0,0,0,0.0,0,0,0,0,0,0.0,0,0,0,0,0,0.0,1,8864,0.0,0.0,0.0,19000000.0,0,0,0,0,0,0.0,0,0,0,0,0,0.0,0,0,0,0,0,0.0,0,0,0,0,0,0.0,2,142,0.13,0.13,0.0,46500000.0,0,0,0,0,0,0.0,0,0,0,0,0,0.0,0,0,0,0,0,0.0,0,0,0,0,0,0.0,0,0,0,0,0,0.0,0,0,0,0,0,0.0,2,651,0.089,0.089,0.0,93000000.0,0,0,0,0,0,0.0,0,0,0,0,0,0.0,0,0,0.0,0.0,0.0,0.0,1,20,0.0,0.0,0,0.0,1,20,0.0,0.0,0,52000000.0,11,2651,0.067,0.0193,0.000490011111111,15363636.3636,1,20,0.0,0.0,0,9000000.0,1,20,0.0,0.0,0,0.0,0,0,0,0,0,0.0,3,1089,0.101,0.097,3.2e-05,8000000.0,3,16194,0.112,0.106,7.2e-05,1333333.33333,3,40218,0.112,0.106,7.2e-05,1333333.33333,0,0,0,0,0,0.0,3,225,0.112,0.106,7.2e-05,1333333.33333,8,1136,0.074,0.0215714285714,0.000701285714286,0.0,46,46328,0.067,0.0048,0.000155936363636,0.0,0,0,-3.1585680178e-06,2.00801957755e-05,3.19864594802e-05,-2.37090145852,-3.21386185345e-05,2.61890935621,-0.000369795170297,-0.000893056778938,3.98304834865e-05,4.67686385859e-05,6.03653276192e-05,-4.13767321759e-05,4.94562157272e-06,0.0,0.0,0.0,0.0,0.0,0.0,0.0,0.0,0.0,0.0,0.0,0.0,0.0,-0.000561278205485,-0.00253059550284,-1.82652212917e-05,-0.118807470761,0.000149330615113,0.0950751698526,-0.00145365090309,-0.00541645213176,0.00892045376577,0.0179076433402,0.0437352543252,-0.0421232443826,8.56282368419e-05,0,0,0,0,9223372036854775807,0,9223372036854775807,0,9223372036854775807,0,9223372036854775807,0,9223372036854775807,0,9223372036854775807,0.0,0.0,9.22337203685e+18,0.0,9.22337203685e+18,0.0,9.22337203685e+18,0.0,9.22337203685e+18,0.0,9.22337203685e+18,0.0,9.22337203685e+18,0.0,0.0,9.22337203685e+18,0.0,9.22337203685e+18,0.0,9.22337203685e+18,0.0,9.22337203685e+18,0.0,9.22337203685e+18,0.0,9.22337203685e+18,0.0,0.0,9.22337203685e+18,0.0,9.22337203685e+18,0.0,9.22337203685e+18,0.0,9.22337203685e+18,0.0,9.22337203685e+18,0.0,9.22337203685e+18,0,0,9223372036854775807,0,9223372036854775807,0,9223372036854775807,0,9223372036854775807,0,9223372036854775807,0,9223372036854775807,0,9223372036854775807,0,9223372036854775807,0,9223372036854775807,0,9223372036854775807,0,9223372036854775807,0,9223372036854775807,0,9223372036854775807,0,9223372036854775807,0,9223372036854775807,0,9223372036854775807,0,9223372036854775807,0,9223372036854775807,0,9223372036854775807,0,9223372036854775807,0,9223372036854775807,0,9223372036854775807,0,0,0,0,9223372036854775807,9223372036854775807,9223372036854775807,0,0,0,0,0,0,0,0,0,0,0,0,0,0,0,0,0,0,0,0,0,0,0,0,0,0,0,0,0,0,0,0,0,0,0,0,0,0,0,0,0,0,0,0,0,0,0,0,0,0,0,0,0,0,0,0,0,0,0,0,0,0,0,0,0,0,0,0,0,0,0,0,0,0,0,0,1,0,41,0,0,0,0,0,0,0,0,0,1,0,6,0,0,0,0,0,0,0,0,0,0,0,0,0,0,0,0,0,0,0,0,0,0,0,0,1,0,6,0,0,0,0,0,0,0,0,0,0,0,0,0,0,0,0,0,0,0,0,0,0,0,0,0,0,0,0,0,0,0,0,0,0,0,0,0,0,0,0,0,0,0,0,0,0,0,0,0,0,0,0,0,0,1,0,6,0,0,0,0,0,0,0,0,0,0,0,0,0,0,0,0,0,0,0,0,0,0,0,0,0,0,0,0,0,0,0,0,0,0,0,0,0,0,0,0,0,0,0,0,0,0,0,0,0,0,0,0,0,0,0,0,0,0,0,0,0,0,0,0,0,0,0,0,0,0,0,0,0,0,0,0,0,0,0,0,0,1,0,51,0,0,0,0,0,0,0,0,0,0,0,0,3,0,30,0,0,0,0,0,0,0,0,0,0,0,0,0,0,0
1,20,0.0,0.0,0.0,-1000000.0,15,8070,0.048,0.0124285714286,0.000231186813187,-17066666.6667,255,2040,0.026,0.000968503937008,3.6116522984e-06,0.0,2,96,0.099,0.099,0.0,0.0,1,574,0,0,0,17000000.0,1,20,0.0,0.0,0.0,21000000.0,312,188760,0.036,0.000575562700965,1.72644331501e-05,0.0,0,0,0,0,0,0.0,0,0,0,0,0,0.0,1,20,0.0,0.0,0.0,1000000.0,1,326,0.0,0.0,0,0.0,13,7670,0.054,0.0145,0.000443545454545,28538461.5385,0,0,0,0,0,0.0,0,0,0,0,0,0.0,6,2238,0.125,0.0348,0.0029927,223000000.0,3,32160,0.123,0.087,0.002592,223666666.667,0,0,0,0,0,0.0,0,0,0,0,0,0.0,0,0,0,0,0,0.0,0,0,0,0,0,0.0,2,656,0.088,0.088,0.0,252000000.0,0,0,0,0,0,0.0,0,0,0,0,0,0.0,0,0,0.0,0.0,0,0.0,4,192,0.099,0.0576666666667,0.00265033333333,0.0,16,11488,0.037,0.0120666666667,0.00024420952381,-22875000.0,0,0,0,0,0,0.0,0,0,0,0,0,0.0,0,0,0,0,0,0.0,1,71,0.0,0.0,0.0,-7000000.0,0,0,0,0,0,0.0,0,0,0,0,0,0.0,0,0,0,0,0,0.0,0,0,0,0,0,0.0,0,0,0,0,0,0.0,0,0,0,0,0,0.0,0,0,0,0,0,0.0,1,700,0.0,0.0,0,2000000.0,1,72,0.0,0.0,0.0,2000000.0,0,0,0,0,0,0.0,0,0,0,0,0,0.0,0,0,0,0,0,0.0,0,0,0,0,0,0.0,0,0,0,0,0,0.0,0,0,0,0,0,0.0,0,0,0,0,0,0.0,0,0,0,0,0,0.0,1,20,0.0,0.0,0.0,2000000.0,1,668,0.0,0.0,0,0.0,0,0,0,0,0,0.0,0,0,0,0,0,0.0,0,0,0,0,0,0.0,0,0,0,0,0,0.0,0,0,0,0,0,0.0,0,0,0,0,0,0.0,0,0,0,0,0,0.0,0,0,0,0,0,0.0,1,20,0.0,0.0,0.0,0.0,0,0,0,0,0,0.0,0,0,0,0,0,0.0,3,19575,0.125,0.087,0.002888,58666666.6667,0,0,0,0,0,0.0,0,0,0,0,0,0.0,0,0,0,0,0,0.0,0,0,0,0,0,0.0,0,0,0,0,0,0.0,0,0,0,0,0,0.0,3,26592,0.094,0.0715,0.0010125,48333333.3333,0,0,0,0,0,0.0,0,0,0,0,0,0.0,0,0,0,0,0,0.0,0,0,0,0,0,0.0,3,802,0.125,0.087,0.002888,58666666.6667,0,0,0,0,0,0.0,0,0,0,0,0,0.0,0,0,0,0,0,0.0,0,0,0,0,0,0.0,0,0,0,0,0,0.0,0,0,0,0,0,0.0,2,1850,0.085,0.085,0.0,77500000.0,0,0,0,0,0,0.0,0,0,0,0,0,0.0,10,1913,0.0,0.0,0.0,0.0,1,20,0.0,0.0,0,11000000.0,2,40,0.143,0.143,0,48000000.0,13,3133,0.04,0.0145,0.000260272727273,20153846.1538,2,40,0.174,0.174,0,20000000.0,1,20,0.0,0.0,0,12000000.0,0,0,0,0,0,0.0,2,726,0.104,0.104,0.0,8000000.0,3,16194,0.103,0.0895,0.0003645,-4333333.33333,3,40218,0.103,0.0895,0.0003645,-4333333.33333,0,0,0,0,0,0.0,3,225,0.103,0.0895,0.0003645,-4333333.33333,8,1164,0.105,0.0204285714286,0.00156728571429,0.0,49,50312,0.036,0.003625,7.97287234043e-05,0.0,0,0,-3.17521710347e-06,1.98951648471e-05,1.64158556757e-05,-2.40191261221,-4.5874725326e-05,2.64720264998,-0.000369811604175,-0.000893060306116,3.9873829544e-05,4.67862508771e-05,6.03321845505e-05,-4.13992645553e-05,4.94387280003e-06,0.0,0.0,0.0,0.0,0.0,0.0,0.0,0.0,0.0,0.0,0.0,0.0,0.0,-0.000583944640321,-0.00211717405085,-1.82691305397e-05,-0.118112895601,0.000149207490438,0.09570133142,-0.00132430034351,-0.00545369428976,0.0089577815562,0.0179286239821,0.0437100214255,-0.0421251469092,8.45040949796e-05,0,0,0,0,9223372036854775807,0,9223372036854775807,0,9223372036854775807,0,9223372036854775807,0,9223372036854775807,0,9223372036854775807,6.0,11.6000003815,0.0,4.34000015259,5.96640616145,10469376.0,10469376.0,10469376.0,0.0,486219776.0,486219776.0,486219776.0,0.0,0.0,0.0,9.22337203685e+18,0.0,9.22337203685e+18,0.0,9.22337203685e+18,0.0,9.22337203685e+18,0.0,9.22337203685e+18,0.0,9.22337203685e+18,0.0,0.0,9.22337203685e+18,0.0,9.22337203685e+18,0.0,9.22337203685e+18,0.0,9.22337203685e+18,0.0,9.22337203685e+18,0.0,9.22337203685e+18,0,0,9223372036854775807,0,9223372036854775807,0,9223372036854775807,0,9223372036854775807,0,9223372036854775807,0,9223372036854775807,0,9223372036854775807,0,9223372036854775807,0,9223372036854775807,0,9223372036854775807,0,9223372036854775807,0,9223372036854775807,0,9223372036854775807,0,9223372036854775807,0,9223372036854775807,0,9223372036854775807,0,9223372036854775807,0,9223372036854775807,0,9223372036854775807,0,9223372036854775807,0,9223372036854775807,0,9223372036854775807,0,0,0,0,9223372036854775807,9223372036854775807,9223372036854775807,0,0,0,0,0,0,0,0,0,0,1,0,11,1,0,1,0,0,0,0,0,0,0,0,0,0,0,0,0,0,0,0,0,0,1,0,51,0,0,0,0,0,0,1,0,10,0,0,0,0,0,0,0,0,0,0,0,0,0,0,0,0,0,0,0,0,0,0,0,0,0,0,0,1,0,10,1,0,53,0,0,0,0,0,0,0,0,0,0,0,0,0,0,0,0,0,0,0,0,0,0,0,0,0,0,0,0,0,0,0,0,0,0,0,0,0,0,0,0,0,0,0,0,0,0,0,0,0,0,0,0,0,0,0,0,0,0,0,0,0,0,0,0,0,0,0,0,0,0,0,0,0,0,0,0,0,0,0,0,0,0,0,0,0,0,0,0,0,0,0,0,0,0,0,0,0,0,0,0,0,0,0,0,0,0,0,0,0,0,0,0,0,0,0,0,0,0,0,0,0,0,0,0,0,0,0,0,0,0,0,0,0,0,0,0,0,0,0,0,0,0,0,0,0,0,0,0,0,0,0,0,0,0,0,0,0,0,0,0,0,0,0,0,0,0,0,0,0,0,0,1,0,6,0,0,0,0,0,0,1,0,5,0,0,0,0,0,0,0,0,0,0,0,0,0,0,0,0,0,0,0,0,0,0,0,0,0,0,0
2,40,0.098,0.098,0.0,50500000.0,8,4304,0.035,0.0175714285714,0.000225619047619,9125000.0,251,2008,0.023,0.000996,4.31725301205e-06,0.0,3,144,0.095,0.0475,0.0045125,0.0,0,0,0,0,0,0.0,1,20,0.0,0.0,0.0,48000000.0,125,75625,0.054,0.000709677419355,3.15573039601e-05,0.0,0,0,0,0,0,0.0,0,0,0,0,0,0.0,1,20,0.0,0.0,0.0,28000000.0,1,326,0.0,0.0,0,0.0,13,7670,0.058,0.00916666666667,0.000359060606061,49307692.3077,0,0,0,0,0,0.0,0,0,0,0,0,0.0,4,1492,0.095,0.0316666666667,0.00300833333333,220000000.0,2,22034,0.095,0.095,0.0,220000000.0,0,0,0,0,0,0.0,0,0,0,0,0,0.0,0,0,0,0,0,0.0,0,0,0,0,0,0.0,3,1152,0.111,0.061,0.005,273333333.333,0,0,0,0,0,0.0,0,0,0,0,0,0.0,0,0,0.0,0.0,0,0.0,1,48,0.0,0.0,0.0,0.0,6,4308,0.054,0.0184,0.0005843,4500000.0,0,0,0,0,0,0.0,0,0,0,0,0,0.0,0,0,0,0,0,0.0,1,71,0.0,0.0,0.0,0.0,0,0,0,0,0,0.0,0,0,0,0,0,0.0,0,0,0,0,0,0.0,0,0,0,0,0,0.0,0,0,0,0,0,0.0,0,0,0,0,0,0.0,0,0,0,0,0,0.0,0,0,0.0,0.0,0,0.0,1,72,0.0,0.0,0.0,13000000.0,0,0,0,0,0,0.0,0,0,0,0,0,0.0,0,0,0,0,0,0.0,0,0,0,0,0,0.0,0,0,0,0,0,0.0,0,0,0,0,0,0.0,0,0,0,0,0,0.0,0,0,0,0,0,0.0,2,40,0.101,0.101,0.0,51000000.0,1,668,0.0,0.0,0,0.0,0,0,0,0,0,0.0,0,0,0,0,0,0.0,0,0,0,0,0,0.0,0,0,0,0,0,0.0,0,0,0,0,0,0.0,0,0,0,0,0,0.0,0,0,0,0,0,0.0,0,0,0,0,0,0.0,1,20,0.0,0.0,0.0,13000000.0,0,0,0,0,0,0.0,0,0,0,0,0,0.0,1,6525,0.0,0.0,0.0,65000000.0,0,0,0,0,0,0.0,0,0,0,0,0,0.0,0,0,0,0,0,0.0,0,0,0,0,0,0.0,0,0,0,0,0,0.0,0,0,0,0,0,0.0,2,17728,0.102,0.102,0.0,39500000.0,0,0,0,0,0,0.0,0,0,0,0,0,0.0,0,0,0,0,0,0.0,0,0,0,0,0,0.0,1,71,0.0,0.0,0.0,65000000.0,0,0,0,0,0,0.0,0,0,0,0,0,0.0,0,0,0,0,0,0.0,0,0,0,0,0,0.0,0,0,0,0,0,0.0,0,0,0,0,0,0.0,2,436,0.023,0.023,0.0,141500000.0,0,0,0,0,0,0.0,0,0,0,0,0,0.0,10,1913,0.0,0.0,0.0,0.0,2,40,0.095,0.095,0,70000000.0,1,20,0.0,0.0,0,0.0,13,3133,0.037,0.00925,0.000171113636364,40692307.6923,1,20,0.0,0.0,0,3000000.0,2,40,0.095,0.095,0,71500000.0,0,0,0,0,0,0.0,3,1089,0.102,0.051,0.005202,38333333.3333,2,10796,0.1,0.1,0.0,4000000.0,2,26812,0.102,0.102,0.0,5000000.0,0,0,0,0,0,0.0,2,150,0.102,0.102,0.0,5000000.0,8,1120,0.095,0.0144285714286,0.00126728571429,0.0,48,45566,0.037,0.0023829787234,5.30240518039e-05,0.0,0,0,-3.2107887824e-06,1.97800553279e-05,1.68176885724e-05,-2.43282002533,-5.6977681667e-05,2.67560183675,-0.00036986600737,-0.000893062600874,3.99139310892e-05,4.68051591778e-05,6.03048105789e-05,-4.14176968931e-05,4.94201668655e-06,0.0,0.0,0.0,0.0,0.0,0.0,0.0,0.0,0.0,0.0,0.0,0.0,0.0,-0.000615736460087,-0.00177640857634,-1.82714773438e-05,-0.117509490526,0.00014905733431,0.0963140248778,-0.00124141532729,-0.00548015576777,0.00899346506806,0.0179506355148,0.0436861349452,-0.0421259644539,8.35773185459e-05,0,0,0,0,9223372036854775807,0,9223372036854775807,0,9223372036854775807,0,9223372036854775807,0,9223372036854775807,0,9223372036854775807,6.0,10.1000003815,0.0,6.02000007629,5.49563470203,10469376.0,10469376.0,10469376.0,0.0,486219776.0,486219776.0,486219776.0,0.0,0.0,0.0,9.22337203685e+18,0.0,9.22337203685e+18,0.0,9.22337203685e+18,0.0,9.22337203685e+18,0.0,9.22337203685e+18,0.0,9.22337203685e+18,0.0,0.0,9.22337203685e+18,0.0,9.22337203685e+18,0.0,9.22337203685e+18,0.0,9.22337203685e+18,0.0,9.22337203685e+18,0.0,9.22337203685e+18,0,0,9223372036854775807,0,9223372036854775807,0,9223372036854775807,0,9223372036854775807,0,9223372036854775807,0,9223372036854775807,0,9223372036854775807,0,9223372036854775807,0,9223372036854775807,0,9223372036854775807,0,9223372036854775807,0,9223372036854775807,0,9223372036854775807,0,9223372036854775807,0,9223372036854775807,0,9223372036854775807,0,9223372036854775807,0,9223372036854775807,0,9223372036854775807,0,9223372036854775807,0,9223372036854775807,0,9223372036854775807,0,0,0,0,9223372036854775807,9223372036854775807,9223372036854775807,0,0,0,0,0,0,0,0,0,0,1,0,11,0,0,0,0,0,0,0,0,0,0,0,0,0,0,0,1,0,6,0,0,0,0,0,0,0,0,0,0,0,0,0,0,0,0,0,0,0,0,0,0,0,0,0,0,0,0,0,0,0,0,0,0,0,0,0,0,0,0,0,0,1,0,11,0,0,0,0,0,0,0,0,0,0,0,0,0,0,0,0,0,0,0,0,0,0,0,0,0,0,0,0,0,0,0,0,0,0,0,0,0,0,0,0,0,0,0,0,0,0,0,0,0,0,0,0,0,0,0,0,0,0,0,0,0,0,0,0,0,0,0,0,0,0,0,0,0,0,0,0,0,0,0,0,0,0,0,0,0,0,0,0,0,0,0,0,0,0,0,0,0,0,0,0,0,0,0,0,0,0,0,0,0,0,0,0,0,0,0,0,0,0,0,0,0,0,0,0,0,0,0,0,0,0,0,0,0,0,0,0,0,0,0,0,0,0,0,0,0,0,0,0,0,0,0,0,0,0,0,0,0,0,0,0,0,0,0,0,0,0,0,0,0,0,0,1,0,37,0,0,0,0,0,0,0,0,0,0,0,0,1,0,5,0,0,0,1,0,10,1,0,10,0,0,0,0,0,0,0,0,0,0,0,0,0,0,0
1,20,0.0,0.0,0.0,17000000.0,14,7532,0.067,0.0135384615385,0.000467269230769,-7500000.0,251,2008,0.011,0.001,2.07228915663e-06,0.0,2,96,0.051,0.051,0.0,0.0,0,0,0,0,0,0.0,1,20,0.0,0.0,0.0,-1000000.0,280,169400,0.071,0.00063082437276,3.05142982388e-05,0.0,0,0,0,0,0,0.0,0,0,0,0,0,0.0,1,20,0.0,0.0,0.0,19000000.0,0,0,0.0,0.0,0,0.0,10,5900,0.06,0.0195555555556,0.000642027777778,23700000.0,0,0,0,0,0,0.0,0,0,0,0,0,0.0,4,1492,0.081,0.027,0.002187,216500000.0,2,22361,0.081,0.081,0.0,216500000.0,0,0,0,0,0,0.0,0,0,0,0,0,0.0,0,0,0,0,0,0.0,0,0,0,0,0,0.0,1,393,0.0,0.0,0.0,231000000.0,0,0,0,0,0,0.0,0,0,0,0,0,0.0,0,0,0.0,0.0,0,0.0,3,144,0.101,0.071,0.0018,0.0,14,10052,0.071,0.0137692307692,0.000523858974359,-6214285.71429,0,0,0,0,0,0.0,0,0,0,0,0,0.0,0,0,0,0,0,0.0,1,71,0.0,0.0,0.0,-17000000.0,0,0,0,0,0,0.0,0,0,0,0,0,0.0,0,0,0,0,0,0.0,0,0,0,0,0,0.0,0,0,0,0,0,0.0,0,0,0,0,0,0.0,0,0,0,0,0,0.0,1,670,0.0,0.0,0,5000000.0,1,72,0.0,0.0,0.0,5000000.0,0,0,0,0,0,0.0,0,0,0,0,0,0.0,0,0,0,0,0,0.0,0,0,0,0,0,0.0,0,0,0,0,0,0.0,0,0,0,0,0,0.0,0,0,0,0,0,0.0,0,0,0,0,0,0.0,1,20,0.0,0.0,0.0,17000000.0,1,668,0.0,0.0,0,0.0,0,0,0,0,0,0.0,0,0,0,0,0,0.0,0,0,0,0,0,0.0,0,0,0,0,0,0.0,0,0,0,0,0,0.0,0,0,0,0,0,0.0,0,0,0,0,0,0.0,0,0,0,0,0,0.0,1,20,0.0,0.0,0.0,7000000.0,0,0,0,0,0,0.0,0,0,0,0,0,0.0,2,13050,0.144,0.144,0.0,55000000.0,0,0,0,0,0,0.0,0,0,0,0,0,0.0,0,0,0,0,0,0.0,0,0,0,0,0,0.0,0,0,0,0,0,0.0,0,0,0,0,0,0.0,1,8864,0.0,0.0,0.0,13000000.0,0,0,0,0,0,0.0,0,0,0,0,0,0.0,0,0,0,0,0,0.0,0,0,0,0,0,0.0,2,142,0.142,0.142,0.0,54000000.0,0,0,0,0,0,0.0,0,0,0,0,0,0.0,0,0,0,0,0,0.0,0,0,0,0,0,0.0,0,0,0,0,0,0.0,0,0,0,0,0,0.0,2,532,0.132,0.132,0.0,93000000.0,0,0,0,0,0,0.0,0,0,0,0,0,0.0,0,0,0.0,0.0,0.0,0.0,1,20,0.0,0.0,0,7000000.0,1,20,0.0,0.0,0,31000000.0,11,2651,0.051,0.0182,0.000385288888889,10545454.5455,1,20,0.0,0.0,0,0.0,1,20,0.0,0.0,0,8000000.0,0,0,0,0,0,0.0,2,726,0.081,0.081,0.0,31000000.0,2,10796,0.103,0.103,0.0,-8000000.0,2,26812,0.103,0.103,0.0,-8000000.0,0,0,0,0,0,0.0,2,150,0.103,0.103,0.0,-8000000.0,14,2181,0.084,0.0135384615385,0.000551602564103,0.0,42,42813,0.042,0.00443902439024,0.000105902439024,0.0,0,0,-3.23740363672e-06,1.97390853209e-05,1.91517002603e-05,-2.45653647776,-5.7463155029e-05,2.69751979973,-0.000369915997004,-0.000893064778309,3.99418938652e-05,4.68189849929e-05,6.02855760334e-05,-4.14318822853e-05,4.94054960143e-06,0.0,0.0,0.0,0.0,0.0,0.0,0.0,0.0,0.0,0.0,0.0,0.0,0.0,-0.00064170258297,-0.00157422007807,-1.82725687093e-05,-0.117110872381,0.000148968250814,0.0967677926964,-0.0012157223602,-0.00549085326922,0.00901726598545,0.017966919328,0.0436697895136,-0.042125939113,8.31113788914e-05,0,0,0,0,9223372036854775807,0,9223372036854775807,0,9223372036854775807,0,9223372036854775807,0,9223372036854775807,0,9223372036854775807,0.0,0.0,9.22337203685e+18,0.0,9.22337203685e+18,0.0,9.22337203685e+18,0.0,9.22337203685e+18,0.0,9.22337203685e+18,0.0,9.22337203685e+18,0.0,0.0,9.22337203685e+18,0.0,9.22337203685e+18,0.0,9.22337203685e+18,0.0,9.22337203685e+18,0.0,9.22337203685e+18,0.0,9.22337203685e+18,0.0,0.0,9.22337203685e+18,0.0,9.22337203685e+18,0.0,9.22337203685e+18,0.0,9.22337203685e+18,0.0,9.22337203685e+18,0.0,9.22337203685e+18,0,0,9223372036854775807,0,9223372036854775807,0,9223372036854775807,0,9223372036854775807,0,9223372036854775807,0,9223372036854775807,0,9223372036854775807,0,9223372036854775807,0,9223372036854775807,0,9223372036854775807,0,9223372036854775807,0,9223372036854775807,0,9223372036854775807,0,9223372036854775807,0,9223372036854775807,0,9223372036854775807,0,9223372036854775807,0,9223372036854775807,0,9223372036854775807,0,9223372036854775807,0,9223372036854775807,0,9223372036854775807,0,0,0,0,9223372036854775807,9223372036854775807,9223372036854775807,0,1,0,5,0,0,0,0,0,0,0,0,0,0,0,0,0,0,0,0,0,0,0,0,0,0,0,0,0,0,0,0,0,0,2,2,100,0,0,0,0,0,0,0,0,0,1,0,9,0,0,0,0,0,0,0,0,0,0,0,0,0,0,0,0,0,0,0,0,0,0,0,0,0,0,0,1,0,40,0,0,0,0,0,0,0,0,0,0,0,0,0,0,0,0,0,0,0,0,0,0,0,0,0,0,0,0,0,0,0,0,0,0,0,0,0,0,0,0,0,0,0,0,0,0,0,0,0,0,0,0,0,0,0,0,0,0,0,0,0,0,0,1,0,6,1,0,5,0,0,0,0,0,0,0,0,0,0,0,0,0,0,0,0,0,0,0,0,0,0,0,0,0,0,0,0,0,0,0,0,0,1,0,9,0,0,0,0,0,0,0,0,0,0,0,0,0,0,0,0,0,0,1,0,9,0,0,0,0,0,0,0,0,0,0,0,0,1,0,9,0,0,0,0,0,0,0,0,0,0,0,0,0,0,0,0,0,0,1,0,9,0,0,0,0,0,0,0,0,0,0,0,0,1,0,6,0,0,0,0,0,0,0,0,0,0,0,0,0,0,0,0,0,0,1,0,10,0,0,0,1,0,10,0,0,0,0,0,0
1,20,0.0,0.0,0.0,58000000.0,11,5918,0.088,0.0158,0.000857288888889,1181818.18182,219,1752,0.014,0.001,1.71428571429e-06,0.0,2,96,0.15,0.15,0.0,0.0,0,0,0,0,0,0.0,2,40,0.15,0.15,0.0,29000000.0,233,140965,0.12,0.000681034482759,6.81229287953e-05,0.0,0,0,0,0,0,0.0,0,0,0,0,0,0.0,2,40,0.166,0.166,0.0,16500000.0,1,326,0.0,0.0,0,0.0,12,7080,0.109,0.0136363636364,0.00115165454545,47833333.3333,0,0,0,0,0,0.0,0,0,0,0,0,0.0,4,1492,0.147,0.049,0.007203,197000000.0,2,22807,0.134,0.134,0.0,203500000.0,0,0,0,0,0,0.0,0,0,0,0,0,0.0,0,0,0,0,0,0.0,0,0,0,0,0,0.0,3,1214,0.105,0.0825,0.0010125,250000000.0,0,0,0,0,0,0.0,0,0,0,0,0,0.0,0,0,0.0,0.0,0,0.0,2,96,0.12,0.12,0.0,0.0,12,8616,0.12,0.0160909090909,0.00132609090909,-19666666.6667,0,0,0,0,0,0.0,0,0,0,0,0,0.0,0,0,0,0,0,0.0,2,142,0.177,0.177,0.0,-11000000.0,0,0,0,0,0,0.0,0,0,0,0,0,0.0,0,0,0,0,0,0.0,0,0,0,0,0,0.0,0,0,0,0,0,0.0,0,0,0,0,0,0.0,0,0,0,0,0,0.0,1,670,0.0,0.0,0,0.0,2,144,0.182,0.182,0.0,9500000.0,0,0,0,0,0,0.0,0,0,0,0,0,0.0,0,0,0,0,0,0.0,0,0,0,0,0,0.0,0,0,0,0,0,0.0,0,0,0,0,0,0.0,0,0,0,0,0,0.0,0,0,0,0,0,0.0,1,20,0.0,0.0,0.0,57000000.0,1,668,0.0,0.0,0,0.0,0,0,0,0,0,0.0,0,0,0,0,0,0.0,0,0,0,0,0,0.0,0,0,0,0,0,0.0,0,0,0,0,0,0.0,0,0,0,0,0,0.0,0,0,0,0,0,0.0,0,0,0,0,0,0.0,2,40,0.182,0.182,0.0,13000000.0,0,0,0,0,0,0.0,0,0,0,0,0,0.0,2,13050,0.139,0.139,0.0,41500000.0,0,0,0,0,0,0.0,0,0,0,0,0,0.0,0,0,0,0,0,0.0,0,0,0,0,0,0.0,0,0,0,0,0,0.0,0,0,0,0,0,0.0,2,17728,0.15,0.15,0.0,36000000.0,0,0,0,0,0,0.0,0,0,0,0,0,0.0,0,0,0,0,0,0.0,0,0,0,0,0,0.0,2,142,0.139,0.139,0.0,41500000.0,0,0,0,0,0,0.0,0,0,0,0,0,0.0,0,0,0,0,0,0.0,0,0,0,0,0,0.0,0,0,0,0,0,0.0,0,0,0,0,0,0.0,2,809,0.111,0.111,0.0,66500000.0,0,0,0,0,0,0.0,0,0,0,0,0,0.0,15,2861,0.0,0.0,0.0,0.0,1,20,0.0,0.0,0,79000000.0,1,20,0.0,0.0,0,0.0,12,2892,0.105,0.0149090909091,0.00101129090909,29750000.0,1,20,0.0,0.0,0,0.0,1,20,0.0,0.0,0,79000000.0,0,0,0,0,0,0.0,2,726,0.145,0.145,0.0,34000000.0,3,16194,0.12,0.0895,0.0018605,-11333333.3333,3,40218,0.12,0.0895,0.0018605,-11333333.3333,0,0,0,0,0,0.0,3,225,0.12,0.0895,0.0018605,-11333333.3333,17,2486,0.088,0.011375,0.000528783333333,0.0,45,42805,0.101,0.00413636363636,0.00024700422833,0.0,0,0,-3.26952846663e-06,1.9753885045e-05,1.94602025667e-05,-2.48493922666,-5.8031608285e-05,2.72390422553,-0.000369992864029,-0.000893068091108,3.99728015497e-05,4.68353953442e-05,6.02654240227e-05,-4.14469940889e-05,4.938799127e-06,0.0,0.0,0.0,0.0,0.0,0.0,0.0,0.0,0.0,0.0,0.0,0.0,0.0,-0.000672877885097,-0.00133808519375,-1.82740464649e-05,-0.11664221457,0.000148822585589,0.0973189458025,-0.00119315128865,-0.00550460793086,0.00904493881376,0.0179860072715,0.0436506242389,-0.042125890768,8.25072347097e-05,0,0,0,0,9223372036854775807,0,9223372036854775807,0,9223372036854775807,0,9223372036854775807,0,9223372036854775807,0,9223372036854775807,6.0,11.3999996185,0.0,5.97999992371,5.59928557641,10469376.0,10469376.0,10469376.0,0.0,486219776.0,486219776.0,486219776.0,0.0,0.0,0.0,9.22337203685e+18,0.0,9.22337203685e+18,0.0,9.22337203685e+18,0.0,9.22337203685e+18,0.0,9.22337203685e+18,0.0,9.22337203685e+18,11.0,24.6000003815,18.0,20.6200000763,2.42322115357,73678848.0,69627904.0,70438092.8,1811637.23141,962551808.0,962551808.0,962551808.0,0.0,0,0,9223372036854775807,0,9223372036854775807,0,9223372036854775807,0,9223372036854775807,0,9223372036854775807,0,9223372036854775807,0,9223372036854775807,0,9223372036854775807,0,9223372036854775807,0,9223372036854775807,0,9223372036854775807,0,9223372036854775807,0,9223372036854775807,0,9223372036854775807,0,9223372036854775807,0,9223372036854775807,0,9223372036854775807,0,9223372036854775807,0,9223372036854775807,0,9223372036854775807,0,9223372036854775807,0,9223372036854775807,0,0,0,0,9223372036854775807,9223372036854775807,9223372036854775807,0,1,0,6,1,0,54,0,0,0,0,0,0,0,0,0,1,0,6,0,0,0,0,0,0,0,0,0,1,0,6,1,0,3,0,0,0,0,0,0,0,0,0,0,0,0,0,0,0,0,0,0,0,0,0,0,0,0,0,0,0,1,0,9,0,0,0,0,0,0,0,0,0,0,0,0,0,0,0,0,0,0,0,0,0,0,0,0,1,0,5,0,0,0,0,0,0,0,0,0,0,0,0,0,0,0,0,0,0,0,0,0,1,0,4,1,0,5,0,0,0,0,0,0,0,0,0,0,0,0,0,0,0,0,0,0,0,0,0,0,0,0,1,0,6,0,0,0,0,0,0,0,0,0,0,0,0,0,0,0,0,0,0,0,0,0,0,0,0,0,0,0,1,0,5,0,0,0,0,0,0,0,0,0,0,0,0,0,0,0,0,0,0,0,0,0,0,0,0,0,0,0,0,0,0,0,0,0,0,0,0,0,0,0,0,0,0,0,0,0,0,0,0,0,0,0,0,0,0,0,0,0,0,0,0,0,0,0,0,0,0,0,0,0,0,0,0,0,0,0,0,0,0,0,0,0,2,0,104,0,0,0,0,0,0,0,0,0,0,0,0,3,0,30,0,0,0,0,0,0,0,0,0,0,0,0,1,0,321
1,20,0.0,0.0,0.0,23000000.0,12,6456,0.065,0.0197272727273,0.000354018181818,-2583333.33333,282,2256,0.018,0.000839857651246,2.57069140824e-06,0.0,3,144,0.082,0.0795,1.25e-05,0.0,0,0,0,0,0,0.0,1,20,0.0,0.0,0.0,12000000.0,252,152460,0.064,0.000788844621514,2.88632350598e-05,0.0,0,0,0,0,0,0.0,0,0,0,0,0,0.0,1,20,0.0,0.0,0.0,0.0,1,326,0.0,0.0,0,0.0,15,8850,0.043,0.0151428571429,0.000316285714286,26866666.6667,0,0,0,0,0,0.0,0,0,0,0,0,0.0,6,2238,0.147,0.0424,0.0042113,187000000.0,2,23339,0.159,0.159,0.0,201000000.0,0,0,0,0,0,0.0,0,0,0,0,0,0.0,0,0,0,0,0,0.0,0,0,0,0,0,0.0,2,883,0.129,0.129,0.0,228000000.0,0,0,0,0,0,0.0,0,0,0,0,0,0.0,0,0,0.0,0.0,0,0.0,2,96,0.093,0.093,0.0,0.0,12,8616,0.064,0.018,0.0003768,750000.0,0,0,0,0,0,0.0,0,0,0,0,0,0.0,0,0,0,0,0,0.0,1,71,0.0,0.0,0.0,0.0,0,0,0,0,0,0.0,0,0,0,0,0,0.0,0,0,0,0,0,0.0,0,0,0,0,0,0.0,0,0,0,0,0,0.0,0,0,0,0,0,0.0,0,0,0,0,0,0.0,0,0,0.0,0.0,0,0.0,1,72,0.0,0.0,0.0,0.0,0,0,0,0,0,0.0,0,0,0,0,0,0.0,0,0,0,0,0,0.0,0,0,0,0,0,0.0,0,0,0,0,0,0.0,0,0,0,0,0,0.0,0,0,0,0,0,0.0,0,0,0,0,0,0.0,1,20,0.0,0.0,0.0,21000000.0,1,668,0.0,0.0,0,0.0,0,0,0,0,0,0.0,0,0,0,0,0,0.0,0,0,0,0,0,0.0,0,0,0,0,0,0.0,0,0,0,0,0,0.0,0,0,0,0,0,0.0,0,0,0,0,0,0.0,0,0,0,0,0,0.0,1,20,0.0,0.0,0.0,0.0,0,0,0,0,0,0.0,0,0,0,0,0,0.0,3,19575,0.124,0.1,0.001152,31000000.0,0,0,0,0,0,0.0,0,0,0,0,0,0.0,0,0,0,0,0,0.0,0,0,0,0,0,0.0,0,0,0,0,0,0.0,0,0,0,0,0,0.0,3,26592,0.125,0.0915,0.0022445,24666666.6667,0,0,0,0,0,0.0,0,0,0,0,0,0.0,0,0,0,0,0,0.0,0,0,0,0,0,0.0,3,213,0.124,0.0995,0.0012005,30666666.6667,0,0,0,0,0,0.0,0,0,0,0,0,0.0,0,0,0,0,0,0.0,0,0,0,0,0,0.0,0,0,0,0,0,0.0,0,0,0,0,0,0.0,3,1073,0.102,0.0855,0.0005445,54000000.0,0,0,0,0,0,0.0,0,0,0,0,0,0.0,10,1913,0.0,0.0,0.0,0.0,1,20,0.0,0.0,0,3000000.0,2,40,0.181,0.181,0,17500000.0,14,3374,0.043,0.0163076923077,0.000193897435897,12500000.0,2,40,0.199,0.199,0,-500000.0,1,20,0.0,0.0,0,4000000.0,0,0,0,0,0,0.0,3,1089,0.086,0.084,7.99999999999e-06,22666666.6667,2,10796,0.113,0.113,0.0,1000000.0,2,26812,0.104,0.104,0.0,-3500000.0,0,0,0,0,0,0.0,2,150,0.104,0.104,0.0,-3500000.0,6,824,0.065,0.0266,0.0007278,0.0,54,56401,0.043,0.00405660377358,7.53621190131e-05,0.0,0,0,-3.30913336288e-06,1.98282955282e-05,1.98348657401e-05,-2.5203683952,-5.87170137392e-05,2.75701391999,-0.000370099032739,-0.000893074584103,4.0008148332e-05,4.68545504315e-05,6.02427973888e-05,-4.14656703606e-05,4.93657912504e-06,0.0,0.0,0.0,0.0,0.0,0.0,0.0,0.0,0.0,0.0,0.0,0.0,0.0,-0.000712536083878,-0.00109455110575,-1.82754645026e-05,-0.116123969363,0.000148650252565,0.0979980809593,-0.00120305822716,-0.00551624437704,0.00907398410526,0.018007777196,0.0436301839249,-0.0421254907881,8.19220128369e-05,0,0,0,0,9223372036854775807,0,9223372036854775807,0,9223372036854775807,0,9223372036854775807,0,9223372036854775807,0,9223372036854775807,6.0,10.3000001907,0.0,4.02000007629,5.50744960487,10469376.0,10469376.0,10469376.0,0.0,486219776.0,486219776.0,486219776.0,0.0,0.0,0.0,9.22337203685e+18,0.0,9.22337203685e+18,0.0,9.22337203685e+18,0.0,9.22337203685e+18,0.0,9.22337203685e+18,0.0,9.22337203685e+18,0.0,0.0,9.22337203685e+18,0.0,9.22337203685e+18,0.0,9.22337203685e+18,0.0,9.22337203685e+18,0.0,9.22337203685e+18,0.0,9.22337203685e+18,0,0,9223372036854775807,0,9223372036854775807,0,9223372036854775807,0,9223372036854775807,0,9223372036854775807,0,9223372036854775807,0,9223372036854775807,0,9223372036854775807,0,9223372036854775807,0,9223372036854775807,0,9223372036854775807,0,9223372036854775807,0,9223372036854775807,0,9223372036854775807,0,9223372036854775807,0,9223372036854775807,0,9223372036854775807,0,9223372036854775807,0,9223372036854775807,0,9223372036854775807,0,9223372036854775807,0,9223372036854775807,0,0,0,0,9223372036854775807,9223372036854775807,9223372036854775807,0,0,0,0,0,0,0,0,0,0,1,0,10,0,0,0,0,0,0,0,0,0,0,0,0,0,0,0,0,0,0,0,0,0,1,0,53,0,0,0,0,0,0,1,0,20,0,0,0,0,0,0,0,0,0,0,0,0,0,0,0,0,0,0,0,0,0,0,0,0,0,0,0,0,0,0,1,0,49,0,0,0,0,0,0,0,0,0,0,0,0,0,0,0,0,0,0,0,0,0,0,0,0,0,0,0,0,0,0,0,0,0,0,0,0,0,0,0,0,0,0,0,0,0,0,0,0,0,0,0,0,0,0,0,0,0,0,0,0,0,0,0,0,0,0,0,0,0,0,0,0,0,0,0,0,0,0,0,0,0,0,0,0,0,0,0,0,0,0,0,0,0,0,0,0,0,0,0,0,0,0,0,0,0,0,0,0,0,0,0,0,0,0,0,0,0,0,0,0,0,0,0,0,0,0,0,0,0,0,0,0,0,0,0,0,0,0,0,0,0,0,0,0,0,0,0,0,0,0,0,0,0,0,0,0,0,0,0,0,0,0,0,0,0,0,0,0,0,0,0,0,0,0,0,0,0,0,0,0,1,0,6,0,0,0,0,0,0,0,0,0,0,0,0,0,0,0,0,0,0,0,0,0,0,0,0,0,0,0
2,40,0.206,0.206,0.0,4000000.0,12,6456,0.091,0.0166363636364,0.000735254545455,-3333333.33333,252,2016,0.018,0.000996015936255,2.07598406374e-06,0.0,3,144,0.109,0.103,7.2e-05,0.0,0,0,0,0,0,0.0,1,20,0.0,0.0,0.0,58000000.0,203,122815,0.084,0.000960396039604,5.42869809369e-05,0.0,0,0,0,0,0,0.0,0,0,0,0,0,0.0,1,20,0.0,0.0,0.0,38000000.0,0,0,0.0,0.0,0,0.0,12,7080,0.092,0.0176363636364,0.000775054545455,23833333.3333,0,0,0,0,0,0.0,0,0,0,0,0,0.0,2,746,0.0,0.0,0.0,202000000.0,3,35585,0.12,0.085,0.00245,190666666.667,0,0,0,0,0,0.0,0,0,0,0,0,0.0,0,0,0,0,0,0.0,0,0,0,0,0,0.0,3,1464,0.109,0.0915,0.0006125,202333333.333,0,0,0,0,0,0.0,0,0,0,0,0,0.0,1,76,0.0,0.0,0,0.0,3,144,0.155,0.097,0.006728,0.0,11,7898,0.104,0.0174,0.00100604444444,-7818181.81818,0,0,0,0,0,0.0,0,0,0,0,0,0.0,0,0,0,0,0,0.0,1,71,0.0,0.0,0.0,-81000000.0,0,0,0,0,0,0.0,0,0,0,0,0,0.0,0,0,0,0,0,0.0,0,0,0,0,0,0.0,0,0,0,0,0,0.0,0,0,0,0,0,0.0,0,0,0,0,0,0.0,1,670,0.0,0.0,0,23000000.0,1,72,0.0,0.0,0.0,23000000.0,0,0,0,0,0,0.0,0,0,0,0,0,0.0,0,0,0,0,0,0.0,0,0,0,0,0,0.0,0,0,0,0,0,0.0,0,0,0,0,0,0.0,0,0,0,0,0,0.0,0,0,0,0,0,0.0,2,40,0.206,0.206,0.0,4000000.0,1,668,0.0,0.0,0,0.0,0,0,0,0,0,0.0,0,0,0,0,0,0.0,0,0,0,0,0,0.0,0,0,0,0,0,0.0,0,0,0,0,0,0.0,0,0,0,0,0,0.0,0,0,0,0,0,0.0,0,0,0,0,0,0.0,1,20,0.0,0.0,0.0,26000000.0,0,0,0,0,0,0.0,0,0,0,0,0,0.0,1,6525,0.0,0.0,0.0,66000000.0,0,0,0,0,0,0.0,0,0,0,0,0,0.0,0,0,0,0,0,0.0,0,0,0,0,0,0.0,0,0,0,0,0,0.0,0,0,0,0,0,0.0,2,17728,0.097,0.097,0.0,43500000.0,0,0,0,0,0,0.0,0,0,0,0,0,0.0,0,0,0,0,0,0.0,0,0,0,0,0,0.0,1,71,0.0,0.0,0.0,66000000.0,0,0,0,0,0,0.0,0,0,0,0,0,0.0,0,0,0,0,0,0.0,0,0,0,0,0,0.0,0,0,0,0,0,0.0,0,0,0,0,0,0.0,1,392,0.0,0.0,0.0,83000000.0,0,0,0,0,0,0.0,0,0,0,0,0,0.0,0,0,0.0,0.0,0.0,0.0,2,40,0.194,0.194,0,10000000.0,1,20,0.0,0.0,0,2000000.0,13,3133,0.1,0.0184166666667,0.000826992424242,19153846.1538,1,20,0.0,0.0,0,4000000.0,2,40,0.194,0.194,0,11000000.0,0,0,0,0,0,0.0,3,1089,0.104,0.104,6.31088724177e-30,9666666.66667,3,16194,0.184,0.1015,0.0136125,-16333333.3333,3,40218,0.184,0.1035,0.0129605,-17666666.6667,1,8,0,0,0,0.0,3,225,0.184,0.1035,0.0129605,-17666666.6667,12,1714,0.109,0.0202727272727,0.00111221818182,0.0,47,44241,0.089,0.00486956521739,0.000212560386473,0.0,0,0,-3.34072287433e-06,1.99381107908e-05,2.01238219342e-05,-2.54866290132,-5.92431002877e-05,2.78360543321,-0.000370195171299,-0.000893081603552,4.00345226392e-05,4.68691731523e-05,6.02268204641e-05,-4.14795350193e-05,4.93481107799e-06,0.0,0.0,0.0,0.0,0.0,0.0,0.0,0.0,0.0,0.0,0.0,0.0,0.0,-0.000744349325707,-0.000909223165406,-1.82761488849e-05,-0.115709299327,0.000148457639811,0.0985449688928,-0.00121990146074,-0.00552651399758,0.00909607920182,0.0180245727206,0.0436144578674,-0.0421251414132,8.13944020191e-05,0,0,0,0,9223372036854775807,0,9223372036854775807,0,9223372036854775807,0,9223372036854775807,0,9223372036854775807,0,9223372036854775807,0.0,0.0,9.22337203685e+18,0.0,9.22337203685e+18,0.0,9.22337203685e+18,0.0,9.22337203685e+18,0.0,9.22337203685e+18,0.0,9.22337203685e+18,0.0,0.0,9.22337203685e+18,0.0,9.22337203685e+18,0.0,9.22337203685e+18,0.0,9.22337203685e+18,0.0,9.22337203685e+18,0.0,9.22337203685e+18,0.0,0.0,9.22337203685e+18,0.0,9.22337203685e+18,0.0,9.22337203685e+18,0.0,9.22337203685e+18,0.0,9.22337203685e+18,0.0,9.22337203685e+18,0,0,9223372036854775807,0,9223372036854775807,0,9223372036854775807,0,9223372036854775807,0,9223372036854775807,0,9223372036854775807,0,9223372036854775807,0,9223372036854775807,0,9223372036854775807,0,9223372036854775807,0,9223372036854775807,0,9223372036854775807,0,9223372036854775807,0,9223372036854775807,0,9223372036854775807,0,9223372036854775807,0,9223372036854775807,0,9223372036854775807,0,9223372036854775807,0,9223372036854775807,0,9223372036854775807,0,9223372036854775807,0,0,0,0,9223372036854775807,9223372036854775807,9223372036854775807,0,0,0,0,0,0,0,0,0,0,1,0,10,0,0,0,0,0,0,0,0,0,0,0,0,0,0,0,1,0,5,0,0,0,0,0,0,0,0,0,0,0,0,0,0,0,0,0,0,0,0,0,0,0,0,0,0,0,0,0,0,0,0,0,0,0,0,0,0,0,1,0,1,2,0,21,1,0,37,0,0,0,0,0,0,0,0,0,0,0,0,0,0,0,0,0,0,0,0,0,0,0,0,0,0,0,0,0,0,0,0,0,0,0,0,0,0,0,0,0,0,0,0,0,0,0,0,0,0,0,0,0,0,0,0,0,0,0,0,0,0,0,0,0,0,0,0,0,0,0,0,0,0,0,0,0,0,0,0,0,0,0,0,0,0,0,0,0,0,0,0,0,0,0,0,0,0,0,0,0,0,0,0,0,0,0,0,0,0,0,0,0,0,0,0,0,0,0,0,0,0,0,0,0,0,0,0,0,0,0,0,0,0,0,0,0,0,0,0,0,0,0,0,0,0,0,0,0,0,0,0,0,0,0,0,0,0,0,0,0,0,0,0,0,0,0,0,0,0,0,1,0,6,0,0,0,0,0,0,0,0,0,0,0,0,0,0,0,1,0,11,1,0,10,0,0,0,1,0,1,0,0,0,0,0,0,0,0,0
1,20,0.0,0.0,0.0,2000000.0,16,8608,0.134,0.0166,0.00120582857143,-18500000.0,251,2008,0.019,0.001,3.03614457831e-06,0.0,2,96,0.038,0.038,0.0,0.0,0,0,0,0,0,0.0,2,40,0.199,0.199,0.0,-1000000.0,350,211750,0.133,0.000713467048711,5.98486974278e-05,0.0,0,0,0,0,0,0.0,0,0,0,0,0,0.0,2,40,0.109,0.109,0.0,45500000.0,1,326,0.0,0.0,0,0.0,13,7670,0.121,0.0190833333333,0.00125117424242,39769230.7692,0,0,0,0,0,0.0,0,0,0,0,0,0.0,4,1492,0.232,0.0773333333333,0.0179413333333,156500000.0,2,24499,0.128,0.128,0.0,174500000.0,0,0,0,0,0,0.0,0,0,0,0,0,0.0,0,0,0,0,0,0.0,0,0,0,0,0,0.0,2,1161,0.05,0.05,0.0,247500000.0,0,0,0,0,0,0.0,0,0,0,0,0,0.0,0,0,0.0,0.0,0,0.0,3,144,0.134,0.111,0.001058,0.0,16,11488,0.122,0.0166,0.00101982857143,-17625000.0,0,0,0,0,0,0.0,0,0,0,0,0,0.0,1,147555,0,0,0,-50000000.0,2,142,0.219,0.219,0.0,-44500000.0,0,0,0,0,0,0.0,0,0,0,0,0,0.0,0,0,0,0,0,0.0,0,0,0,0,0,0.0,0,0,0,0,0,0.0,0,0,0,0,0,0.0,0,0,0,0,0,0.0,1,640,0.0,0.0,0,75000000.0,1,72,0.0,0.0,0.0,75000000.0,0,0,0,0,0,0.0,0,0,0,0,0,0.0,0,0,0,0,0,0.0,0,0,0,0,0,0.0,0,0,0,0,0,0.0,0,0,0,0,0,0.0,0,0,0,0,0,0.0,0,0,0,0,0,0.0,1,20,0.0,0.0,0.0,2000000.0,1,668,0.0,0.0,0,0.0,0,0,0,0,0,0.0,0,0,0,0,0,0.0,0,0,0,0,0,0.0,0,0,0,0,0,0.0,0,0,0,0,0,0.0,0,0,0,0,0,0.0,0,0,0,0,0,0.0,0,0,0,0,0,0.0,1,20,0.0,0.0,0.0,79000000.0,0,0,0,0,0,0.0,0,0,0,0,0,0.0,2,13050,0.122,0.122,0.0,44000000.0,0,0,0,0,0,0.0,0,0,0,0,0,0.0,0,0,0,0,0,0.0,0,0,0,0,0,0.0,0,0,0,0,0,0.0,0,0,0,0,0,0.0,2,17728,0.108,0.108,0.0,25500000.0,0,0,0,0,0,0.0,0,0,0,0,0,0.0,0,0,0,0,0,0.0,0,0,0,0,0,0.0,2,142,0.121,0.121,0.0,43500000.0,0,0,0,0,0,0.0,0,0,0,0,0,0.0,0,0,0,0,0,0.0,0,0,0,0,0,0.0,0,0,0,0,0,0.0,0,0,0,0,0,0.0,2,1012,0.022,0.022,0.0,115000000.0,0,0,0,0,0,0.0,0,0,0,0,0,0.0,12,2290,0.0,0.0,0.0,0.0,1,20,0.0,0.0,0,2000000.0,1,20,0.0,0.0,0,52000000.0,13,3133,0.113,0.0190833333333,0.000982083333333,22384615.3846,1,20,0.0,0.0,0,8000000.0,1,20,0.0,0.0,0,0.0,0,0,0,0,0,0.0,2,726,0.043,0.043,0.0,29000000.0,3,16194,0.153,0.111,0.003528,-27666666.6667,3,40218,0.153,0.111,0.003528,-27666666.6667,0,0,0,0,0,0.0,3,225,0.153,0.111,0.003528,-27666666.6667,10,1525,0.11,0.017,0.0013105,0.0,44,42729,0.113,0.00532558139535,0.000311891472868,0.0,0,0,-3.37435634101e-06,2.00838539914e-05,2.04237039547e-05,-2.57927269436,-5.97868980625e-05,2.81251799225,-0.000370299723439,-0.000893090484306,4.00631851516e-05,4.68843678698e-05,6.02103822658e-05,-4.14947702715e-05,4.93287952885e-06,0.0,0.0,0.0,0.0,0.0,0.0,0.0,0.0,0.0,0.0,0.0,0.0,0.0,-0.00077863208497,-0.00073147523381,-1.82769501227e-05,-0.115340715698,0.000148244715774,0.0991301061541,-0.00125553681001,-0.00553586773905,0.00911678307324,0.018041192511,0.0435998079381,-0.0421247145962,8.08836724013e-05,0,0,0,0,9223372036854775807,0,9223372036854775807,0,9223372036854775807,0,9223372036854775807,0,9223372036854775807,0,9223372036854775807,6.0,22.2000007629,0.0,4.44000015259,9.9281421613,10469376.0,10469376.0,10469376.0,0.0,486219776.0,486219776.0,486219776.0,0.0,0.0,0.0,9.22337203685e+18,0.0,9.22337203685e+18,0.0,9.22337203685e+18,0.0,9.22337203685e+18,0.0,9.22337203685e+18,0.0,9.22337203685e+18,0.0,0.0,9.22337203685e+18,0.0,9.22337203685e+18,0.0,9.22337203685e+18,0.0,9.22337203685e+18,0.0,9.22337203685e+18,0.0,9.22337203685e+18,0,0,9223372036854775807,0,9223372036854775807,0,9223372036854775807,0,9223372036854775807,0,9223372036854775807,0,9223372036854775807,0,9223372036854775807,0,9223372036854775807,0,9223372036854775807,0,9223372036854775807,0,9223372036854775807,0,9223372036854775807,0,9223372036854775807,0,9223372036854775807,0,9223372036854775807,0,9223372036854775807,0,9223372036854775807,0,9223372036854775807,0,9223372036854775807,0,9223372036854775807,0,9223372036854775807,0,9223372036854775807,0,0,0,0,9223372036854775807,9223372036854775807,9223372036854775807,0,0,0,0,0,0,0,0,0,0,0,0,0,0,0,0,0,0,0,0,0,0,0,0,0,0,0,0,0,0,0,0,0,0,2,4,104,0,0,0,0,0,0,0,0,0,1,0,10,0,0,0,0,0,0,0,0,0,0,0,0,0,0,0,0,0,0,0,0,0,0,0,0,0,0,0,0,0,0,0,0,0,0,0,0,1,0,2,0,0,0,0,0,0,0,0,0,0,0,0,0,0,0,0,0,0,0,0,0,0,0,0,0,0,0,0,0,0,0,0,0,0,0,0,0,0,0,0,0,0,0,0,0,0,0,0,0,0,0,0,0,0,0,0,0,0,0,0,0,0,0,0,0,0,0,0,0,0,0,0,0,0,0,0,0,0,0,0,0,0,0,0,0,0,0,0,0,0,0,0,0,0,0,0,0,0,0,0,0,0,0,0,0,0,0,0,0,0,0,0,0,0,1,0,8,0,0,0,0,0,0,0,0,0,0,0,0,0,0,0,0,0,0,0,0,0,0,0,0,0,0,0,0,0,0,0,0,0,0,0,0,0,0,0,0,0,0,1,0,35,0,0,0,1,0,5,0,0,0,0,0,0,1,0,6,0,0,0,0,0,0,0,0,0,1,0,11,0,0,0,1,0,11,0,0,0,0,0,0
1,20,0.0,0.0,0.0,0.0,12,6456,0.093,0.0217272727273,0.00100181818182,-7833333.33333,261,2088,0.053,0.000942307692308,1.72823730324e-05,0.0,2,96,0.048,0.048,0.0,0.0,0,0,0,0,0,0.0,0,0,0.0,0.0,0.0,0.0,257,155485,0.093,0.0006796875,4.26185661765e-05,0.0,0,0,0,0,0,0.0,0,0,0,0,0,0.0,0,0,0.0,0.0,0.0,0.0,0,0,0.0,0.0,0,0.0,13,7670,0.035,0.00833333333333,0.000178424242424,12923076.9231,0,0,0,0,0,0.0,0,0,0,0,0,0.0,2,746,0.0,0.0,0.0,155000000.0,2,25067,0.048,0.048,0.0,214000000.0,0,0,0,0,0,0.0,0,0,0,0,0,0.0,0,0,0,0,0,0.0,0,0,0,0,0,0.0,2,1185,0.049,0.049,0.0,214500000.0,0,0,0,0,0,0.0,0,0,0,0,0,0.0,0,0,0.0,0.0,0,0.0,3,144,0.093,0.087,7.2e-05,0.0,13,9334,0.074,0.0145,0.000668636363636,-10615384.6154,0,0,0,0,0,0.0,0,0,0,0,0,0.0,0,0,0,0,0,0.0,2,142,0.174,0.174,0.0,-48000000.0,0,0,0,0,0,0.0,0,0,0,0,0,0.0,0,0,0,0,0,0.0,0,0,0,0,0,0.0,0,0,0,0,0,0.0,0,0,0,0,0,0.0,0,0,0,0,0,0.0,0,0,0.0,0.0,0,0.0,1,72,0.0,0.0,0.0,62000000.0,0,0,0,0,0,0.0,0,0,0,0,0,0.0,0,0,0,0,0,0.0,0,0,0,0,0,0.0,0,0,0,0,0,0.0,0,0,0,0,0,0.0,0,0,0,0,0,0.0,0,0,0,0,0,0.0,1,20,0.0,0.0,0.0,0.0,1,668,0.0,0.0,0,0.0,0,0,0,0,0,0.0,0,0,0,0,0,0.0,0,0,0,0,0,0.0,0,0,0,0,0,0.0,0,0,0,0,0,0.0,0,0,0,0,0,0.0,0,0,0,0,0,0.0,0,0,0,0,0,0.0,1,20,0.0,0.0,0.0,64000000.0,0,0,0,0,0,0.0,0,0,0,0,0,0.0,2,13050,0.073,0.073,0.0,76000000.0,0,0,0,0,0,0.0,0,0,0,0,0,0.0,0,0,0,0,0,0.0,0,0,0,0,0,0.0,0,0,0,0,0,0.0,0,0,0,0,0,0.0,1,8864,0.0,0.0,0.0,29000000.0,0,0,0,0,0,0.0,0,0,0,0,0,0.0,0,0,0,0,0,0.0,0,0,0,0,0,0.0,2,142,0.073,0.073,0.0,76000000.0,0,0,0,0,0,0.0,0,0,0,0,0,0.0,0,0,0,0,0,0.0,0,0,0,0,0,0.0,0,0,0,0,0,0.0,0,0,0,0,0,0.0,2,1189,0.081,0.081,0.0,80000000.0,0,0,0,0,0,0.0,0,0,0,0,0,0.0,0,0,0.0,0.0,0.0,0.0,1,20,0.0,0.0,0,14000000.0,1,20,0.0,0.0,0,37000000.0,8,1928,0.048,0.0115714285714,0.000342619047619,20250000.0,1,20,0.0,0.0,0,0.0,1,20,0.0,0.0,0,18000000.0,0,0,0,0,0,0.0,2,726,0.073,0.073,0.0,30000000.0,3,16194,0.125,0.087,0.002888,-30666666.6667,3,40218,0.125,0.087,0.002888,-30666666.6667,0,0,0,0,0,0.0,3,225,0.125,0.087,0.002888,-30666666.6667,14,2079,0.03,0.00861538461538,0.000137256410256,0.0,37,38911,0.036,0.00277777777778,6.13777777778e-05,0.0,0,0,-3.40749886529e-06,2.02812786867e-05,2.07075145831e-05,-2.6098456935,-6.03028640658e-05,2.84153901036,-0.00037041428118,-0.000893101356193,4.00893388628e-05,4.68982739834e-05,6.01968179268e-05,-4.15088736245e-05,4.9309931347e-06,0.0,0.0,0.0,0.0,0.0,0.0,0.0,0.0,0.0,0.0,0.0,0.0,0.0,-0.000812927173051,-0.000567313246415,-1.82777285468e-05,-0.115016550893,0.000147990002743,0.0997119995896,-0.00130049536787,-0.0055454532366,0.00913567606667,0.0180568113963,0.0435862818017,-0.0421242598639,8.03530475953e-05,0,0,0,0,9223372036854775807,0,9223372036854775807,0,9223372036854775807,0,9223372036854775807,0,9223372036854775807,0,9223372036854775807,0.0,0.0,9.22337203685e+18,0.0,9.22337203685e+18,0.0,9.22337203685e+18,0.0,9.22337203685e+18,0.0,9.22337203685e+18,0.0,9.22337203685e+18,0.0,0.0,9.22337203685e+18,0.0,9.22337203685e+18,0.0,9.22337203685e+18,0.0,9.22337203685e+18,0.0,9.22337203685e+18,0.0,9.22337203685e+18,0.0,0.0,9.22337203685e+18,0.0,9.22337203685e+18,0.0,9.22337203685e+18,0.0,9.22337203685e+18,0.0,9.22337203685e+18,0.0,9.22337203685e+18,0,0,9223372036854775807,0,9223372036854775807,0,9223372036854775807,0,9223372036854775807,0,9223372036854775807,0,9223372036854775807,0,9223372036854775807,0,9223372036854775807,0,9223372036854775807,0,9223372036854775807,0,9223372036854775807,0,9223372036854775807,0,9223372036854775807,0,9223372036854775807,0,9223372036854775807,0,9223372036854775807,0,9223372036854775807,0,9223372036854775807,0,9223372036854775807,0,9223372036854775807,0,9223372036854775807,0,9223372036854775807,0,0,0,0,9223372036854775807,9223372036854775807,9223372036854775807,0,1,0,6,1,0,51,0,0,0,0,0,0,0,0,0,0,0,0,0,0,0,0,0,0,0,0,0,1,0,5,0,0,0,0,0,0,0,0,0,0,0,0,0,0,0,0,0,0,0,0,0,0,0,0,0,0,0,0,0,0,1,0,10,0,0,0,0,0,0,0,0,0,0,0,0,0,0,0,0,0,0,0,0,0,0,0,0,0,0,0,0,0,0,0,0,0,0,0,0,0,0,0,0,0,0,0,0,0,0,0,0,0,0,0,0,0,0,0,0,0,0,0,0,0,0,0,0,0,0,0,0,0,0,0,0,0,0,0,0,0,0,1,0,6,1,0,5,0,0,0,0,0,0,0,0,0,0,0,0,0,0,0,0,0,0,0,0,0,0,0,0,0,0,0,0,0,0,0,0,0,1,0,9,0,0,0,0,0,0,0,0,0,0,0,0,0,0,0,0,0,0,0,0,0,0,0,0,0,0,0,0,0,0,0,0,0,1,0,9,0,0,0,0,0,0,0,0,0,0,0,0,0,0,0,0,0,0,1,0,9,0,0,0,0,0,0,0,0,0,0,0,0,0,0,0,2,0,103,0,0,0,0,0,0,0,0,0,0,0,0,3,0,30,0,0,0,0,0,0,0,0,0,0,0,0,0,0,0
1,20,0.0,0.0,0.0,17000000.0,12,6456,0.091,0.0194545454545,0.00109267272727,-1500000.0,239,1912,0.024,0.001,6.63291139241e-06,0.0,3,144,0.107,0.093,0.000392,0.0,1,574,0,0,0,11000000.0,2,40,0.139,0.139,0.0,53500000.0,245,148225,0.111,0.000877049180328,7.63058085408e-05,0.0,0,0,0,0,0,0.0,0,0,0,0,0,0.0,2,40,0.139,0.139,0.0,33000000.0,1,326,0.0,0.0,0,0.0,12,7080,0.047,0.0144545454545,0.000407272727273,31750000.0,0,0,0,0,0,0.0,0,0,0,0,0,0.0,3,1119,0.159,0.0795,0.0126405,200666666.667,3,38039,0.107,0.093,0.000392,230333333.333,0,0,0,0,0,0.0,0,0,0,0,0,0.0,0,0,0,0,0,0.0,0,0,0,0,0,0.0,3,1689,0.107,0.093,0.000392,230333333.333,0,0,0,0,0,0.0,0,0,0,0,0,0.0,0,0,0.0,0.0,0,0.0,2,96,0.139,0.139,0.0,0.0,12,8616,0.086,0.0194545454545,0.000717672727273,-8000000.0,0,0,0,0,0,0.0,0,0,0,0,0,0.0,0,0,0,0,0,0.0,1,71,0.0,0.0,0.0,-27000000.0,0,0,0,0,0,0.0,0,0,0,0,0,0.0,0,0,0,0,0,0.0,0,0,0,0,0,0.0,0,0,0,0,0,0.0,0,0,0,0,0,0.0,0,0,0,0,0,0.0,1,640,0.0,0.0,0,48000000.0,2,144,0.186,0.186,0.0,41500000.0,0,0,0,0,0,0.0,0,0,0,0,0,0.0,0,0,0,0,0,0.0,0,0,0,0,0,0.0,0,0,0,0,0,0.0,0,0,0,0,0,0.0,0,0,0,0,0,0.0,0,0,0,0,0,0.0,1,20,0.0,0.0,0.0,16000000.0,1,668,0.0,0.0,0,0.0,0,0,0,0,0,0.0,0,0,0,0,0,0.0,0,0,0,0,0,0.0,0,0,0,0,0,0.0,0,0,0,0,0,0.0,0,0,0,0,0,0.0,0,0,0,0,0,0.0,0,0,0,0,0,0.0,2,40,0.186,0.186,0.0,44500000.0,0,0,0,0,0,0.0,0,0,0,0,0,0.0,3,19575,0.124,0.1025,0.0009245,47666666.6667,0,0,0,0,0,0.0,0,0,0,0,0,0.0,0,0,0,0,0,0.0,0,0,0,0,0,0.0,0,0,0,0,0,0.0,0,0,0,0,0,0.0,3,26592,0.107,0.093,0.000392,40666666.6667,0,0,0,0,0,0.0,0,0,0,0,0,0.0,0,0,0,0,0,0.0,0,0,0,0,0,0.0,3,213,0.123,0.102,0.000882,47333333.3333,0,0,0,0,0,0.0,0,0,0,0,0,0.0,0,0,0,0,0,0.0,0,0,0,0,0,0.0,0,0,0,0,0,0.0,0,0,0,0,0,0.0,3,1950,0.129,0.1175,0.0002645,69000000.0,0,0,0,0,0,0.0,0,0,0,0,0,0.0,10,1913,0.0,0.0,0.0,0.0,1,20,0.0,0.0,0,38000000.0,2,40,0.186,0.186,0,17500000.0,17,4097,0.079,0.014875,0.000478516666667,24941176.4706,2,40,0.159,0.159,0,39500000.0,1,20,0.0,0.0,0,39000000.0,0,0,0,0,0,0.0,3,1089,0.105,0.093,0.000288,20333333.3333,2,10796,0.139,0.139,0.0,-46000000.0,2,26812,0.063,0.063,0.0,-8000000.0,0,0,0,0,0,0.0,2,150,0.063,0.063,0.0,-8000000.0,15,2229,0.096,0.017,0.000959846153846,0.0,62,62760,0.079,0.00390163934426,0.000151390163934,0.0,0,0,-3.4379633469e-06,2.04847913565e-05,3.45590203414e-05,-2.63803972986,-6.07499487666e-05,2.86842432776,-0.000370521186122,-0.000893112872846,4.01147662679e-05,4.69109357848e-05,6.01844052959e-05,-4.15217705348e-05,4.92923091588e-06,0.0,0.0,0.0,0.0,0.0,0.0,0.0,0.0,0.0,0.0,0.0,0.0,0.0,-0.000844698401855,-0.000419105346126,-1.82767600254e-05,-0.114743434818,0.000147691932075,0.100250703889,-0.00134501413357,-0.00555506526967,0.00915283600997,0.0180709542057,0.0435740243375,-0.0421238572156,7.97990352057e-05,0,0,0,0,9223372036854775807,0,9223372036854775807,0,9223372036854775807,0,9223372036854775807,0,9223372036854775807,0,9223372036854775807,6.0,11.1000003815,0.0,6.20000019073,5.6802290466,10469376.0,10469376.0,10469376.0,0.0,486219776.0,486219776.0,486219776.0,0.0,0.0,0.0,9.22337203685e+18,0.0,9.22337203685e+18,0.0,9.22337203685e+18,0.0,9.22337203685e+18,0.0,9.22337203685e+18,0.0,9.22337203685e+18,0.0,0.0,9.22337203685e+18,0.0,9.22337203685e+18,0.0,9.22337203685e+18,0.0,9.22337203685e+18,0.0,9.22337203685e+18,0.0,9.22337203685e+18,0,0,9223372036854775807,0,9223372036854775807,0,9223372036854775807,0,9223372036854775807,0,9223372036854775807,0,9223372036854775807,0,9223372036854775807,0,9223372036854775807,0,9223372036854775807,0,9223372036854775807,0,9223372036854775807,0,9223372036854775807,0,9223372036854775807,0,9223372036854775807,0,9223372036854775807,0,9223372036854775807,0,9223372036854775807,0,9223372036854775807,0,9223372036854775807,0,9223372036854775807,0,9223372036854775807,0,9223372036854775807,0,0,0,0,9223372036854775807,9223372036854775807,9223372036854775807,0,1,0,6,0,0,0,0,0,0,1,0,10,1,0,1,1,0,6,0,0,0,0,0,0,0,0,0,0,0,0,1,0,3,1,0,52,0,0,0,0,0,0,1,0,14,0,0,0,0,0,0,0,0,0,0,0,0,0,0,0,0,0,0,0,0,0,0,0,0,0,0,0,0,0,0,2,0,90,0,0,0,0,0,0,0,0,0,1,0,6,0,0,0,0,0,0,0,0,0,0,0,0,0,0,0,0,0,0,0,0,0,1,0,3,1,0,5,0,0,0,0,0,0,0,0,0,0,0,0,0,0,0,0,0,0,0,0,0,0,0,0,1,0,6,0,0,0,0,0,0,0,0,0,0,0,0,0,0,0,0,0,0,0,0,0,0,0,0,0,0,0,1,0,5,0,0,0,0,0,0,0,0,0,0,0,0,0,0,0,0,0,0,0,0,0,0,0,0,0,0,0,0,0,0,0,0,0,0,0,0,0,0,0,0,0,0,0,0,0,0,0,0,0,0,0,0,0,0,0,0,0,0,0,0,0,0,0,0,0,0,0,0,0,0,0,0,0,0,0,0,0,0,0,0,0,0,0,0,1,0,5,0,0,0,0,0,0,0,0,0,0,0,0,0,0,0,0,0,0,0,0,0,0,0,0,0,0,0
1,20,0.0,0.0,0.0,75000000.0,16,8608,0.109,0.00893333333333,0.00078720952381,-54375000.0,280,2240,0.029,0.000870967741935,7.83940589464e-06,0.0,2,96,0.017,0.017,0.0,0.0,0,0,0,0,0,0.0,1,20,0.0,0.0,0.0,21000000.0,313,189365,0.101,0.000429487179487,3.55255585786e-05,0.0,0,0,0,0,0,0.0,0,0,0,0,0,0.0,1,20,0.0,0.0,0.0,4000000.0,1,326,0.0,0.0,0,0.0,8,4720,0.017,0.00457142857143,6.12857142857e-05,43125000.0,0,0,0,0,0,0.0,0,0,0,0,0,0.0,3,1119,0.0,0.0,0.0,95000000.0,2,25531,0.0,0.0,0.0,214500000.0,0,0,0,0,0,0.0,0,0,0,0,0,0.0,0,0,0,0,0,0.0,0,0,0,0,0,0.0,2,1173,0.02,0.02,0.0,224500000.0,0,0,0,0,0,0.0,0,0,0,0,0,0.0,0,0,0.0,0.0,0,0.0,3,144,0.117,0.067,0.005,0.0,15,10770,0.117,0.00957142857143,0.000976571428571,-45933333.3333,0,0,0,0,0,0.0,0,0,0,0,0,0.0,0,0,0,0,0,0.0,1,71,0.0,0.0,0.0,-3000000.0,0,0,0,0,0,0.0,0,0,0,0,0,0.0,0,0,0,0,0,0.0,0,0,0,0,0,0.0,0,0,0,0,0,0.0,0,0,0,0,0,0.0,0,0,0,0,0,0.0,1,640,0.0,0.0,0,0.0,1,72,0.0,0.0,0.0,0.0,0,0,0,0,0,0.0,0,0,0,0,0,0.0,0,0,0,0,0,0.0,0,0,0,0,0,0.0,0,0,0,0,0,0.0,0,0,0,0,0,0.0,0,0,0,0,0,0.0,0,0,0,0,0,0.0,1,20,0.0,0.0,0.0,78000000.0,0,0,0.0,0.0,0,0.0,0,0,0,0,0,0.0,0,0,0,0,0,0.0,0,0,0,0,0,0.0,0,0,0,0,0,0.0,0,0,0,0,0,0.0,0,0,0,0,0,0.0,0,0,0,0,0,0.0,0,0,0,0,0,0.0,1,20,0.0,0.0,0.0,0.0,0,0,0,0,0,0.0,0,0,0,0,0,0.0,1,6525,0.0,0.0,0.0,68000000.0,0,0,0,0,0,0.0,0,0,0,0,0,0.0,0,0,0,0,0,0.0,0,0,0,0,0,0.0,0,0,0,0,0,0.0,0,0,0,0,0,0.0,1,8864,0.0,0.0,0.0,68000000.0,0,0,0,0,0,0.0,0,0,0,0,0,0.0,0,0,0,0,0,0.0,0,0,0,0,0,0.0,1,71,0.0,0.0,0.0,68000000.0,0,0,0,0,0,0.0,0,0,0,0,0,0.0,0,0,0,0,0,0.0,0,0,0,0,0,0.0,0,0,0,0,0,0.0,0,0,0,0,0,0.0,1,479,0.0,0.0,0.0,68000000.0,0,0,0,0,0,0.0,0,0,0,0,0,0.0,19,3616,0.0,0.0,0.0,0.0,1,20,0.0,0.0,0,100000000.0,0,0,0.0,0.0,0,0.0,14,3374,0.02,0.00261538461538,4.22564102564e-05,-22571428.5714,0,0,0.0,0.0,0,0.0,1,20,0.0,0.0,0,0.0,0,0,0,0,0,0.0,1,363,0.0,0.0,0.0,72000000.0,3,16194,0.134,0.067,0.008978,-39000000.0,3,40218,0.134,0.067,0.008978,-39000000.0,0,0,0,0,0,0.0,3,225,0.134,0.067,0.008978,-39000000.0,3,439,0.017,0.0085,0.0001445,0.0,32,24793,0.013,0.00122580645161,8.71397849462e-06,0.0,0,0,-3.45818431224e-06,2.06261348383e-05,-2.08381254305e-05,-2.6568234915,-6.38116962302e-05,2.88639952767,-0.000370591742281,-0.000893120924978,4.01324582233e-05,4.69192396721e-05,6.01760631218e-05,-4.15304126684e-05,4.92804254915e-06,0.0,0.0,0.0,0.0,0.0,0.0,0.0,0.0,0.0,0.0,0.0,0.0,0.0,-0.000865840952636,-0.000325592516558,-1.8278172291e-05,-0.114579210865,0.000147478931873,0.100607297368,-0.00137812037437,-0.00556170468501,0.00916347226139,0.0180798758066,0.0435664028259,-0.0421235880111,7.94125967769e-05,0,0,0,0,9223372036854775807,0,9223372036854775807,0,9223372036854775807,0,9223372036854775807,0,9223372036854775807,0,9223372036854775807,6.0,10.3000001907,0.0,5.96000003815,5.44821075344,10469376.0,10469376.0,10469376.0,0.0,486219776.0,486219776.0,486219776.0,0.0,6.0,10.3000001907,0.0,8.16000022888,4.56267478002,15544320.0,15544320.0,15544320.0,0.0,472285184.0,472285184.0,472285184.0,0.0,11.0,30.0,9.80000019073,16.2199998856,8.8496891354,53125120.0,53125120.0,53125120.0,0.0,949948416.0,949948416.0,949948416.0,0.0,0,0,9223372036854775807,0,9223372036854775807,0,9223372036854775807,0,9223372036854775807,0,9223372036854775807,0,9223372036854775807,0,9223372036854775807,0,9223372036854775807,0,9223372036854775807,0,9223372036854775807,0,9223372036854775807,0,9223372036854775807,0,9223372036854775807,0,9223372036854775807,0,9223372036854775807,0,9223372036854775807,0,9223372036854775807,0,9223372036854775807,0,9223372036854775807,0,9223372036854775807,0,9223372036854775807,0,9223372036854775807,0,0,0,0,9223372036854775807,9223372036854775807,9223372036854775807,0,0,0,0,0,0,0,0,0,0,1,0,11,0,0,0,0,0,0,0,0,0,0,0,0,0,0,0,0,0,0,0,0,0,0,0,0,0,0,0,0,0,0,0,0,0,0,0,0,0,0,0,0,0,0,0,0,0,0,0,0,0,0,0,0,0,0,0,0,0,0,0,0,1,0,11,0,0,0,0,0,0,0,0,0,0,0,0,0,0,0,0,0,0,0,0,0,0,0,0,0,0,0,0,0,0,0,0,0,0,0,0,0,0,0,0,0,0,0,0,0,0,0,0,0,0,0,0,0,0,0,0,0,0,0,0,0,0,0,0,0,0,0,0,0,0,0,0,0,0,0,0,0,0,0,0,0,0,0,0,0,0,0,0,0,0,0,0,0,0,0,0,0,0,0,0,0,0,0,0,0,0,0,0,0,0,0,0,0,0,0,0,0,0,0,0,0,0,0,0,0,0,0,0,0,0,0,0,0,0,0,0,0,0,0,0,0,0,0,0,0,0,0,0,0,0,0,0,0,0,0,0,0,0,0,0,0,0,0,0,0,0,0,0,0,0,0,0,0,0,1,0,5,0,0,0,0,0,0,0,0,0,0,0,0,0,0,0,0,0,0,0,0,0,0,0,0,0,0,0,0,0,0,0,0,0,0,0,0
2,40,0.157,0.157,0.0,48500000.0,10,5380,0.12,0.0192222222222,0.00156044444444,-29100000.0,224,1792,0.066,0.000973094170404,2.26839575001e-05,0.0,3,144,0.131,0.0785,0.0055125,0.0,0,0,0,0,0,0.0,2,40,0.184,0.184,0.0,8000000.0,202,122210,0.103,0.000860696517413,6.50404975124e-05,0.0,0,0,0,0,0,0.0,0,0,0,0,0,0.0,1,20,0.0,0.0,0.0,2000000.0,1,326,0.0,0.0,0,0.0,17,10030,0.113,0.0114375,0.0008858625,51882352.9412,0,0,0,0,0,0.0,0,0,0,0,0,0.0,4,1492,0.151,0.0503333333333,0.00760033333333,196500000.0,4,52101,0.144,0.0573333333333,0.00563433333333,198000000.0,0,0,0,0,0,0.0,0,0,0,0,0,0.0,0,0,0,0,0,0.0,0,0,0,0,0,0.0,4,5554,0.113,0.0646666666667,0.00176433333333,211250000.0,0,0,0,0,0,0.0,0,0,0,0,0,0.0,0,0,0.0,0.0,0,0.0,3,144,0.145,0.0865,0.0068445,0.0,12,8616,0.103,0.0157272727273,0.00101321818182,-17166666.6667,0,0,0,0,0,0.0,0,0,0,0,0,0.0,0,0,0,0,0,0.0,1,71,0.0,0.0,0.0,-16000000.0,0,0,0,0,0,0.0,0,0,0,0,0,0.0,0,0,0,0,0,0.0,0,0,0,0,0,0.0,0,0,0,0,0,0.0,0,0,0,0,0,0.0,0,0,0,0,0,0.0,0,0,0.0,0.0,0,0.0,1,72,0.0,0.0,0.0,0.0,0,0,0,0,0,0.0,0,0,0,0,0,0.0,0,0,0,0,0,0.0,0,0,0,0,0,0.0,0,0,0,0,0,0.0,0,0,0,0,0,0.0,0,0,0,0,0,0.0,0,0,0,0,0,0.0,2,40,0.157,0.157,0.0,46500000.0,2,1336,0.157,0.157,0,0.0,0,0,0,0,0,0.0,0,0,0,0,0,0.0,0,0,0,0,0,0.0,0,0,0,0,0,0.0,0,0,0,0,0,0.0,0,0,0,0,0,0.0,0,0,0,0,0,0.0,0,0,0,0,0,0.0,1,20,0.0,0.0,0.0,1000000.0,0,0,0,0,0,0.0,0,0,0,0,0,0.0,3,19575,0.157,0.091,0.008712,98000000.0,0,0,0,0,0,0.0,0,0,0,0,0,0.0,0,0,0,0,0,0.0,0,0,0,0,0,0.0,0,0,0,0,0,0.0,0,0,0,0,0,0.0,3,26592,0.113,0.0785,0.0023805,52000000.0,0,0,0,0,0,0.0,0,0,0,0,0,0.0,0,0,0,0,0,0.0,0,0,0,0,0,0.0,3,213,0.157,0.09,0.008978,97333333.3333,0,0,0,0,0,0.0,0,0,0,0,0,0.0,0,0,0,0,0,0.0,0,0,0,0,0,0.0,0,0,0,0,0,0.0,0,0,0,0,0,0.0,2,1371,0.157,0.157,0.0,130500000.0,0,0,0,0,0,0.0,0,0,0,0,0,0.0,19,3616,0.0,0.0,0.0,0.0,2,40,0.157,0.157,0,70000000.0,2,40,0.044,0.044,0,78500000.0,10,2410,0.113,0.0196666666667,0.0013015,29700000.0,2,40,0.157,0.157,0,91500000.0,2,40,0.157,0.157,0,70500000.0,0,0,0,0,0,0.0,4,1452,0.113,0.0523333333333,0.00324433333333,64250000.0,2,10796,0.028,0.028,0.0,-45500000.0,2,26812,0.028,0.028,0.0,-45500000.0,0,0,0,0,0,0.0,2,150,0.028,0.028,0.0,-45500000.0,11,1575,0.103,0.0157,0.00108778888889,0.0,58,63306,0.103,0.00324561403509,0.000201010025063,0.0,0,0,-3.50210847877e-06,2.10079176535e-05,-2.02979557127e-05,-2.69672138058,3.90496384819e-05,2.92473364414,-0.000370756417038,-0.000893143087438,4.01677258264e-05,4.6934170614e-05,6.01611761573e-05,-4.15483431781e-05,4.92547659992e-06,0.0,0.0,0.0,0.0,0.0,0.0,0.0,0.0,0.0,0.0,0.0,0.0,0.0,-0.000911895506672,-0.000127380057016,-1.8276622326e-05,-0.114322897482,0.000146974707066,0.101371407967,-0.00147179747435,-0.00557815169678,0.00918253522022,0.0180959734754,0.0435533103207,-0.0421232547716,7.85325827576e-05,0,0,0,0,9223372036854775807,0,9223372036854775807,0,9223372036854775807,0,9223372036854775807,0,9223372036854775807,0,9223372036854775807,6.0,11.6000003815,0.0,4.16000003815,5.75916668785,10469376.0,10469376.0,10469376.0,0.0,486219776.0,486219776.0,486219776.0,0.0,6.0,10.6999998093,0.0,5.97999992371,5.50654147136,15544320.0,15544320.0,15544320.0,0.0,472285184.0,472285184.0,472285184.0,0.0,11.0,22.8999996185,10.0,14.3800001144,5.8785201681,53125120.0,53125120.0,53125120.0,0.0,949948416.0,949948416.0,949948416.0,0.0,0,0,9223372036854775807,0,9223372036854775807,0,9223372036854775807,0,9223372036854775807,0,9223372036854775807,0,9223372036854775807,0,9223372036854775807,0,9223372036854775807,0,9223372036854775807,0,9223372036854775807,0,9223372036854775807,0,9223372036854775807,0,9223372036854775807,0,9223372036854775807,0,9223372036854775807,0,9223372036854775807,0,9223372036854775807,0,9223372036854775807,0,9223372036854775807,0,9223372036854775807,0,9223372036854775807,0,9223372036854775807,0,0,0,0,9223372036854775807,9223372036854775807,9223372036854775807,0,0,0,0,0,0,0,0,0,0,0,0,0,0,0,0,0,0,0,0,0,0,0,0,0,0,0,0,1,0,6,0,0,0,2,1,102,0,0,0,0,0,0,0,0,0,1,0,10,0,0,0,0,0,0,0,0,0,0,0,0,0,0,0,0,0,0,0,0,0,0,0,0,1,0,11,0,0,0,0,0,0,0,0,0,0,0,0,0,0,0,0,0,0,0,0,0,0,0,0,0,0,0,0,0,0,0,0,0,0,0,0,0,0,0,0,0,0,0,0,0,0,0,0,0,0,0,0,0,0,0,0,0,0,0,0,0,0,0,0,0,0,0,0,0,0,0,0,0,0,0,0,0,0,0,0,0,0,0,0,0,0,0,0,0,0,0,0,0,0,0,0,0,0,0,0,0,0,0,0,0,0,0,0,0,0,0,0,0,0,0,0,0,0,0,0,0,0,0,0,0,0,1,0,9,0,0,0,0,0,0,0,0,0,0,0,0,0,0,0,0,0,0,0,0,0,0,0,0,0,0,0,0,0,0,0,0,0,0,0,0,0,0,0,0,0,0,1,0,41,0,0,0,0,0,0,0,0,0,0,0,0,1,0,5,0,0,0,1,0,10,1,0,11,0,0,0,0,0,0,0,0,0,0,0,0,0,0,0
1,20,0.0,0.0,0.0,0.0,12,6456,0.073,0.0114545454545,0.000524072727273,-14166666.6667,246,1968,0.015,0.00100408163265,2.60244228839e-06,0.0,3,144,0.119,0.1065,0.0003125,0.0,0,0,0,0,0,0.0,1,20,0.0,0.0,0.0,61000000.0,241,145805,0.073,0.000525,2.7689748954e-05,0.0,0,0,0,0,0,0.0,0,0,0,0,0,0.0,2,40,0.213,0.213,0.0,34000000.0,0,0,0.0,0.0,0,0.0,13,7670,0.088,0.0185,0.000702090909091,26615384.6154,0,0,0,0,0,0.0,0,0,0,0,0,0.0,2,746,0.0,0.0,0.0,182000000.0,2,26236,0.142,0.142,0.0,216000000.0,0,0,0,0,0,0.0,0,0,0,0,0,0.0,0,0,0,0,0,0.0,0,0,0,0,0,0.0,2,910,0.142,0.142,0.0,216000000.0,0,0,0,0,0,0.0,0,0,0,0,0,0.0,0,0,0.0,0.0,0,0.0,2,96,0.035,0.035,0.0,0.0,11,7898,0.089,0.0193,0.000962011111111,90909.0909091,0,0,0,0,0,0.0,0,0,0,0,0,0.0,0,0,0,0,0,0.0,2,142,0.13,0.13,0.0,-42000000.0,0,0,0,0,0,0.0,0,0,0,0,0,0.0,0,0,0,0,0,0.0,0,0,0,0,0,0.0,0,0,0,0,0,0.0,0,0,0,0,0,0.0,0,0,0,0,0,0.0,2,1280,0.213,0.213,0,19000000.0,2,144,0.213,0.213,0.0,19000000.0,0,0,0,0,0,0.0,0,0,0,0,0,0.0,0,0,0,0,0,0.0,0,0,0,0,0,0.0,0,0,0,0,0,0.0,0,0,0,0,0,0.0,0,0,0,0,0,0.0,0,0,0,0,0,0.0,1,20,0.0,0.0,0.0,1000000.0,1,668,0.0,0.0,0,0.0,0,0,0,0,0,0.0,0,0,0,0,0,0.0,0,0,0,0,0,0.0,0,0,0,0,0,0.0,0,0,0,0,0,0.0,0,0,0,0,0,0.0,0,0,0,0,0,0.0,0,0,0,0,0,0.0,2,40,0.213,0.213,0.0,22000000.0,0,0,0,0,0,0.0,0,0,0,0,0,0.0,2,13050,0.123,0.123,0.0,55000000.0,0,0,0,0,0,0.0,0,0,0,0,0,0.0,0,0,0,0,0,0.0,0,0,0,0,0,0.0,0,0,0,0,0,0.0,0,0,0,0,0,0.0,2,17728,0.142,0.142,0.0,45500000.0,0,0,0,0,0,0.0,0,0,0,0,0,0.0,0,0,0,0,0,0.0,0,0,0,0,0,0.0,2,142,0.124,0.124,0.0,54500000.0,0,0,0,0,0,0.0,0,0,0,0,0,0.0,0,0,0,0,0,0.0,0,0,0,0,0,0.0,0,0,0,0,0,0.0,0,0,0,0,0,0.0,2,1250,0.125,0.125,0.0,83500000.0,0,0,0,0,0,0.0,0,0,0,0,0,0.0,0,0,0.0,0.0,0.0,0.0,1,20,0.0,0.0,0,0.0,2,40,0.186,0.186,0,8500000.0,13,3133,0.088,0.01775,0.00074675,26923076.9231,1,20,0.0,0.0,0,15000000.0,1,20,0.0,0.0,0,1000000.0,0,0,0,0,0,0.0,3,1089,0.098,0.093,5e-05,16666666.6667,3,16194,0.1,0.063,0.002738,-26666666.6667,3,40218,0.1,0.063,0.002738,-26666666.6667,0,0,0,0,0,0.0,3,225,0.1,0.063,0.002738,-26666666.6667,16,2430,0.097,0.013,0.000694857142857,0.0,48,45566,0.088,0.00465957446809,0.000229229417206,0.0,0,0,-3.53868276015e-06,2.14316762124e-05,2.19555775223e-05,-2.72723869082,-6.47853109825e-05,2.95417857346,-0.000370904090296,-0.000893168580369,4.01936293395e-05,4.69430696004e-05,6.01505068136e-05,-4.15621708628e-05,4.9233495556e-06,0.0,0.0,0.0,0.0,0.0,0.0,0.0,0.0,0.0,0.0,0.0,0.0,0.0,-0.000950371455559,5.76664197286e-05,-1.82756119471e-05,-0.114207294939,0.000146502038679,0.101972563415,-0.00156712832399,-0.00559870217342,0.00919603313739,0.0181060979496,0.043544684665,-0.0421233108982,7.76408334748e-05,0,0,0,0,9223372036854775807,0,9223372036854775807,0,9223372036854775807,0,9223372036854775807,0,9223372036854775807,0,9223372036854775807,0.0,0.0,9.22337203685e+18,0.0,9.22337203685e+18,0.0,9.22337203685e+18,0.0,9.22337203685e+18,0.0,9.22337203685e+18,0.0,9.22337203685e+18,0.0,0.0,9.22337203685e+18,0.0,9.22337203685e+18,0.0,9.22337203685e+18,0.0,9.22337203685e+18,0.0,9.22337203685e+18,0.0,9.22337203685e+18,0.0,0.0,9.22337203685e+18,0.0,9.22337203685e+18,0.0,9.22337203685e+18,0.0,9.22337203685e+18,0.0,9.22337203685e+18,0.0,9.22337203685e+18,0,0,9223372036854775807,0,9223372036854775807,0,9223372036854775807,0,9223372036854775807,0,9223372036854775807,0,9223372036854775807,0,9223372036854775807,0,9223372036854775807,0,9223372036854775807,0,9223372036854775807,0,9223372036854775807,0,9223372036854775807,0,9223372036854775807,0,9223372036854775807,0,9223372036854775807,0,9223372036854775807,0,9223372036854775807,0,9223372036854775807,0,9223372036854775807,0,9223372036854775807,0,9223372036854775807,0,9223372036854775807,0,0,0,0,9223372036854775807,9223372036854775807,9223372036854775807,0,0,0,0,1,0,52,0,0,0,0,0,0,0,0,0,0,0,0,0,0,0,0,0,0,0,0,0,0,0,0,0,0,0,0,0,0,0,0,0,0,0,0,0,0,0,0,0,0,0,0,0,0,0,0,0,0,0,0,0,0,1,0,11,0,0,0,0,0,0,0,0,0,0,0,0,1,0,37,0,0,0,0,0,0,0,0,0,0,0,0,0,0,0,0,0,0,0,0,0,0,0,0,0,0,0,0,0,0,0,0,0,0,0,0,0,0,0,0,0,0,0,0,0,0,0,0,0,0,0,0,0,0,0,0,0,0,0,0,0,0,0,1,0,5,1,0,4,0,0,0,0,0,0,0,0,0,0,0,0,0,0,0,0,0,0,0,0,0,0,0,0,0,0,0,0,0,0,0,0,0,1,0,9,0,0,0,0,0,0,0,0,0,0,0,0,0,0,0,0,0,0,0,0,0,0,0,0,0,0,0,0,0,0,0,0,0,1,0,9,0,0,0,0,0,0,0,0,0,0,0,0,0,0,0,0,0,0,1,0,9,0,0,0,0,0,0,0,0,0,0,0,0,1,0,6,2,0,103,0,0,0,0,0,0,0,0,0,0,0,0,3,0,30,1,0,11,0,0,0,1,0,11,0,0,0,0,0,0
1,20,0.0,0.0,0.0,15000000.0,12,6456,0.104,0.00945454545455,0.000983272727273,-35000000.0,250,2000,0.017,0.00100401606426,4.60885477393e-06,0.0,1,48,0.0,0.0,0.0,0.0,0,0,0,0,0,0.0,0,0,0.0,0.0,0.0,0.0,246,148830,0.104,0.000424489795918,4.41469387755e-05,0.0,0,0,0,0,0,0.0,0,0,0,0,0,0.0,0,0,0.0,0.0,0.0,0.0,1,326,0.0,0.0,0,0.0,6,3540,0.029,0.0058,0.0001682,42666666.6667,0,0,0,0,0,0.0,0,0,0,0,0,0.0,2,746,0.0,0.0,0.0,245000000.0,1,13226,0.0,0.0,0.0,245000000.0,0,0,0,0,0,0.0,0,0,0,0,0,0.0,0,0,0,0,0,0.0,0,0,0,0,0,0.0,1,491,0.0,0.0,0.0,245000000.0,0,0,0,0,0,0.0,0,0,0,0,0,0.0,0,0,0.0,0.0,0,0.0,2,96,0.104,0.104,0.0,0.0,13,9334,0.096,0.00866666666667,0.000761696969697,-33230769.2308,0,0,0,0,0,0.0,0,0,0,0,0,0.0,0,0,0,0,0,0.0,1,71,0.0,0.0,0.0,-60000000.0,0,0,0,0,0,0.0,0,0,0,0,0,0.0,0,0,0,0,0,0.0,0,0,0,0,0,0.0,0,0,0,0,0,0.0,0,0,0,0,0,0.0,0,0,0,0,0,0.0,0,0,0.0,0.0,0,0.0,0,0,0.0,0.0,0.0,0.0,0,0,0,0,0,0.0,0,0,0,0,0,0.0,0,0,0,0,0,0.0,0,0,0,0,0,0.0,0,0,0,0,0,0.0,0,0,0,0,0,0.0,0,0,0,0,0,0.0,0,0,0,0,0,0.0,1,20,0.0,0.0,0.0,31000000.0,0,0,0.0,0.0,0,0.0,0,0,0,0,0,0.0,0,0,0,0,0,0.0,0,0,0,0,0,0.0,0,0,0,0,0,0.0,0,0,0,0,0,0.0,0,0,0,0,0,0.0,0,0,0,0,0,0.0,0,0,0,0,0,0.0,0,0,0.0,0.0,0.0,0.0,0,0,0,0,0,0.0,0,0,0,0,0,0.0,1,6525,0.0,0.0,0.0,42000000.0,0,0,0,0,0,0.0,0,0,0,0,0,0.0,0,0,0,0,0,0.0,0,0,0,0,0,0.0,0,0,0,0,0,0.0,0,0,0,0,0,0.0,1,8864,0.0,0.0,0.0,40000000.0,0,0,0,0,0,0.0,0,0,0,0,0,0.0,0,0,0,0,0,0.0,0,0,0,0,0,0.0,1,71,0.0,0.0,0.0,40000000.0,0,0,0,0,0,0.0,0,0,0,0,0,0.0,0,0,0,0,0,0.0,0,0,0,0,0,0.0,0,0,0,0,0,0.0,0,0,0,0,0,0.0,1,587,0.0,0.0,0.0,78000000.0,0,0,0,0,0,0.0,0,0,0,0,0,0.0,20,3811,0.0,0.0,0.0,0.0,1,20,0.0,0.0,0,52000000.0,0,0,0.0,0.0,0,0.0,6,1446,0.1,0.02,0.002,33333333.3333,1,20,0.0,0.0,0,75000000.0,1,20,0.0,0.0,0,54000000.0,0,0,0,0,0,0.0,1,363,0.0,0.0,0.0,25000000.0,2,10796,0.104,0.104,0.0,-57000000.0,2,26812,0.104,0.104,0.0,-57000000.0,0,0,0,0,0,0.0,2,150,0.104,0.104,0.0,-57000000.0,6,858,0.084,0.0224,0.0012048,0.0,25,25065,0.067,0.005,0.000197043478261,0.0,0,0,-3.55652624506e-06,2.1661383161e-05,2.20401470745e-05,-2.74132963503,3.94795090779e-05,2.96780666178,-0.000370977756658,-0.000893182493879,4.02056415751e-05,4.69465859636e-05,6.01455809246e-05,-4.15686426177e-05,4.92232689098e-06,0.0,0.0,0.0,0.0,0.0,0.0,0.0,0.0,0.0,0.0,0.0,0.0,0.0,-0.000969235869125,0.000152927266384,-1.82751827969e-05,-0.114162806089,0.000146264536785,0.102244254082,-0.00161683776919,-0.00560966259174,0.00920209277356,0.0181102375177,0.0435410086418,-0.0421234154124,7.71991059862e-05,0,0,0,0,9223372036854775807,0,9223372036854775807,0,9223372036854775807,0,9223372036854775807,0,9223372036854775807,0,9223372036854775807,6.0,10.1000003815,0.0,5.76000022888,5.29367567927,10469376.0,10469376.0,10469376.0,0.0,486219776.0,486219776.0,486219776.0,0.0,6.0,19.7999992371,0.0,7.95999984741,8.29535987897,15544320.0,15544320.0,15544320.0,0.0,472285184.0,472285184.0,472285184.0,0.0,11.0,19.0,10.1000003815,12.0200000763,3.90345995429,53125120.0,53125120.0,53125120.0,0.0,949948416.0,949948416.0,949948416.0,0.0,0,0,9223372036854775807,0,9223372036854775807,0,9223372036854775807,0,9223372036854775807,0,9223372036854775807,0,9223372036854775807,0,9223372036854775807,0,9223372036854775807,0,9223372036854775807,0,9223372036854775807,0,9223372036854775807,0,9223372036854775807,0,9223372036854775807,0,9223372036854775807,0,9223372036854775807,0,9223372036854775807,0,9223372036854775807,0,9223372036854775807,0,9223372036854775807,0,9223372036854775807,0,9223372036854775807,0,9223372036854775807,0,0,0,0,9223372036854775807,9223372036854775807,9223372036854775807,0,1,0,6,0,0,0,0,0,0,0,0,0,0,0,0,0,0,0,0,0,0,0,0,0,0,0,0,1,0,6,1,0,3,1,0,50,0,0,0,0,0,0,0,0,0,0,0,0,0,0,0,0,0,0,0,0,0,0,0,0,0,0,0,0,0,0,0,0,0,0,0,0,0,0,0,1,0,50,0,0,0,0,0,0,0,0,0,0,0,0,0,0,0,0,0,0,0,0,0,0,0,0,0,0,0,0,0,0,0,0,0,0,0,0,0,0,0,0,0,0,0,0,0,0,0,0,0,0,0,0,0,0,0,0,0,0,0,0,0,0,0,0,0,0,0,0,0,0,0,0,0,0,0,0,0,0,0,0,0,0,0,0,0,0,0,0,0,0,0,0,0,0,0,0,0,0,0,0,0,0,0,0,0,0,0,0,0,0,0,0,0,0,0,0,0,0,0,0,0,0,0,0,0,0,0,0,0,0,0,0,0,0,0,0,0,0,0,0,0,0,0,0,0,0,0,0,0,0,0,0,0,0,0,0,0,0,0,0,0,0,0,0,0,0,0,0,0,0,0,0,0,0,0,0,0,0,0,0,0,0,0,0,0,0,0,0,0,0,0,0,0,0,0,0,0,0,0,0,0,0,0,0,0,0,0,0,0,0
2,40,0.112,0.112,0.0,-33500000.0,15,8070,0.076,0.00942857142857,0.000461032967033,-24600000.0,281,2248,0.007,0.000521428571429,8.23911930363e-07,0.0,3,144,0.11,0.0715,0.0029645,0.0,1,574,0,0,0,65000000.0,2,40,0.099,0.099,0.0,71500000.0,278,168190,0.076,0.000476534296029,2.59967299744e-05,0.0,0,0,0,0,0,0.0,0,0,0,0,0,0.0,2,40,0.101,0.101,0.0,52000000.0,0,0,0.0,0.0,0,0.0,14,8260,0.065,0.011,0.0004465,43000000.0,0,0,0,0,0,0.0,0,0,0,0,0,0.0,4,1492,0.11,0.0366666666667,0.00403333333333,214500000.0,3,40386,0.109,0.0715,0.0028125,247666666.667,0,0,0,0,0,0.0,0,0,0,0,0,0.0,0,0,0,0,0,0.0,0,0,0,0,0,0.0,2,1087,0.099,0.099,0.0,299500000.0,0,0,0,0,0,0.0,0,0,0,0,0,0.0,0,0,0.0,0.0,0,0.0,3,144,0.103,0.066,0.002738,0.0,12,8616,0.063,0.012,0.0003872,-19833333.3333,0,0,0,0,0,0.0,0,0,0,0,0,0.0,0,0,0,0,0,0.0,1,71,0.0,0.0,0.0,-3000000.0,0,0,0,0,0,0.0,0,0,0,0,0,0.0,0,0,0,0,0,0.0,0,0,0,0,0,0.0,0,0,0,0,0,0.0,0,0,0,0,0,0.0,0,0,0,0,0,0.0,1,640,0.0,0.0,0,0.0,2,144,0.111,0.111,0.0,44500000.0,0,0,0,0,0,0.0,0,0,0,0,0,0.0,0,0,0,0,0,0.0,0,0,0,0,0,0.0,0,0,0,0,0,0.0,0,0,0,0,0,0.0,0,0,0,0,0,0.0,0,0,0,0,0,0.0,1,20,0.0,0.0,0.0,10000000.0,1,668,0.0,0.0,0,0.0,0,0,0,0,0,0.0,0,0,0,0,0,0.0,0,0,0,0,0,0.0,0,0,0,0,0,0.0,0,0,0,0,0,0.0,0,0,0,0,0,0.0,0,0,0,0,0,0.0,0,0,0,0,0,0.0,2,40,0.108,0.108,0.0,46000000.0,0,0,0,0,0,0.0,0,0,0,0,0,0.0,1,6525,0.0,0.0,0.0,58000000.0,0,0,0,0,0,0.0,0,0,0,0,0,0.0,0,0,0,0,0,0.0,0,0,0,0,0,0.0,0,0,0,0,0,0.0,0,0,0,0,0,0.0,2,17772,0.143,0.143,0.0,48500000.0,0,0,0,0,0,0.0,0,0,0,0,0,0.0,0,0,0,0,0,0.0,0,0,0,0,0,0.0,2,175,0.145,0.145,0.0,49500000.0,0,0,0,0,0,0.0,0,0,0,0,0,0.0,0,0,0,0,0,0.0,0,0,0,0,0,0.0,0,0,0,0,0,0.0,0,0,0,0,0,0.0,2,1250,0.033,0.033,0.0,137500000.0,0,0,0,0,0,0.0,0,0,0,0,0,0.0,0,0,0.0,0.0,0.0,0.0,1,20,0.0,0.0,0,999999.999996,2,40,0.143,0.143,0,36000000.0,14,3374,0.065,0.011,0.000400666666667,40357142.8571,1,20,0.0,0.0,0,21000000.0,1,20,0.0,0.0,0,2000000.0,0,0,0,0,0,0.0,2,726,0.034,0.034,0.0,37500000.0,3,16194,0.112,0.056,0.006272,-22333333.3333,3,40218,0.112,0.056,0.006272,-22333333.3333,0,0,0,0,0,0.0,3,225,0.112,0.056,0.006272,-22333333.3333,11,1642,0.078,0.0111,0.000602322222222,0.0,50,52595,0.06,0.00291836734694,0.000101201530612,0.0,0,0,-3.60048185222e-06,2.22781161803e-05,-2.09547935039e-05,-2.77422494717,-6.25168822355e-05,2.99969321036,-0.000371161875498,-0.00089321950721,4.0233711962e-05,4.69533010197e-05,6.01343091509e-05,-4.15839791799e-05,4.91985380346e-06,0.0,0.0,0.0,0.0,0.0,0.0,0.0,0.0,0.0,0.0,0.0,0.0,0.0,-0.00101575072538,0.000396524243719,-1.82745242538e-05,-0.114057460659,0.000145656755643,0.102841953701,-0.00174752448814,-0.00563889959828,0.00921550851258,0.0181184207205,0.0435334116218,-0.0421238520414,7.60476839393e-05,0,0,0,0,9223372036854775807,0,9223372036854775807,0,9223372036854775807,0,9223372036854775807,0,9223372036854775807,0,9223372036854775807,0.0,0.0,9.22337203685e+18,0.0,9.22337203685e+18,0.0,9.22337203685e+18,0.0,9.22337203685e+18,0.0,9.22337203685e+18,0.0,9.22337203685e+18,0.0,0.0,9.22337203685e+18,0.0,9.22337203685e+18,0.0,9.22337203685e+18,0.0,9.22337203685e+18,0.0,9.22337203685e+18,0.0,9.22337203685e+18,0.0,0.0,9.22337203685e+18,0.0,9.22337203685e+18,0.0,9.22337203685e+18,0.0,9.22337203685e+18,0.0,9.22337203685e+18,0.0,9.22337203685e+18,0,0,9223372036854775807,0,9223372036854775807,0,9223372036854775807,0,9223372036854775807,0,9223372036854775807,0,9223372036854775807,0,9223372036854775807,0,9223372036854775807,0,9223372036854775807,0,9223372036854775807,0,9223372036854775807,0,9223372036854775807,0,9223372036854775807,0,9223372036854775807,0,9223372036854775807,0,9223372036854775807,0,9223372036854775807,0,9223372036854775807,0,9223372036854775807,0,9223372036854775807,0,9223372036854775807,0,9223372036854775807,0,0,0,0,9223372036854775807,9223372036854775807,9223372036854775807,0,1,0,6,0,0,0,0,0,0,1,0,10,1,0,1,1,0,6,0,0,0,0,0,0,0,0,0,0,0,0,0,0,0,0,0,0,0,0,0,0,0,0,1,0,12,0,0,0,0,0,0,0,0,0,0,0,0,0,0,0,0,0,0,0,0,0,0,0,0,0,0,0,0,0,0,0,0,0,0,0,0,0,0,0,0,0,0,1,0,6,0,0,0,0,0,0,0,0,0,0,0,0,0,0,0,0,0,0,0,0,0,1,0,4,1,0,6,0,0,0,0,0,0,0,0,0,0,0,0,0,0,0,0,0,0,0,0,0,0,0,0,1,0,6,0,0,0,0,0,0,0,0,0,0,0,0,0,0,0,0,0,0,0,0,0,0,0,0,0,0,0,1,0,6,0,0,0,0,0,0,0,0,0,0,0,0,0,0,0,0,0,0,0,0,0,0,0,0,0,0,0,0,0,0,0,0,0,0,0,0,0,0,0,0,0,0,0,0,0,0,0,0,0,0,0,0,0,0,0,0,0,0,0,0,0,0,0,0,0,0,0,0,0,0,0,0,0,0,0,0,0,0,0,0,0,0,0,0,1,0,5,0,0,0,0,0,0,0,0,0,0,0,0,0,0,0,0,0,0,0,0,0,0,0,0,0,0,0
